[gd_scene format=3 uid="uid://bnxky0jc2xxc2"]

[ext_resource type="Script" uid="uid://cdyb3e527o21c" path="res://scripts/game/world/world_chunk.gd" id="1_7ogia"]
[ext_resource type="Material" uid="uid://bm8m6alb8sopa" path="res://assets/materials/dark_prototype_standard_material_3d.tres" id="2_8ua48"]
[ext_resource type="Material" uid="uid://ur4seutk5yxh" path="res://assets/materials/light_prototype_standard_material_3d.tres" id="3_8ua48"]
[ext_resource type="PackedScene" uid="uid://bmb5oxxv3gwg8" path="res://assets/scenes/props/platform_2x_2x_1_blue_2.tscn" id="4_osyl0"]

[node name="WorldChunk1" type="Node3D" unique_id=1727605181 node_paths=PackedStringArray("end_connection")]
script = ExtResource("1_7ogia")
end_connection = NodePath("EndConnection")

[node name="EndConnection" type="Node3D" parent="." unique_id=152081666]
transform = Transform3D(1, 0, 0, 0, 1, 0, 0, 0, 1, 0, -1.0182188, 99.98769)

[node name="Terrain" type="CSGCombiner3D" parent="." unique_id=762513538]
transform = Transform3D(1, 0, 0, 0, 0.99999994, 0, 0, 0, 0.99999994, 0, 0, 0)
use_collision = true
collision_layer = 2
collision_mask = 5

[node name="floor" type="CSGBox3D" parent="Terrain" unique_id=1264114843]
transform = Transform3D(1, 0, 0, 0, 0.999987, 0, 0, 0, 0.999987, 0, -0.5, 50)
size = Vector3(50, 1, 100)
material = ExtResource("2_8ua48")

[node name="Walls" type="CSGCombiner3D" parent="Terrain" unique_id=190463529]

[node name="CSGBox3D13" type="CSGBox3D" parent="Terrain/Walls" unique_id=1036034371]
transform = Transform3D(-0.990716, -0.07605508, -0.112681724, -0.07550942, 0.9970921, -0.0091161765, 0.11304913, -0.0005230092, -0.9935781, -24.631212, 3.1249955, 86.00135)
size = Vector3(1.9002686, 7.25, 15.757446)
material = ExtResource("3_8ua48")

[node name="CSGBox3D37" type="CSGBox3D" parent="Terrain/Walls" unique_id=1784957936]
transform = Transform3D(-0.99660754, -0.07516461, 0.033515, -0.075509414, 0.9970921, -0.009116176, -0.032733873, -0.011615947, -0.9993854, -25.09614, 2.7392457, 93.75518)
size = Vector3(1.9002686, 7.25, 15.757446)
material = ExtResource("3_8ua48")

[node name="CSGBox3D14" type="CSGBox3D" parent="Terrain/Walls" unique_id=1118828461]
transform = Transform3D(-0.99061006, -0.07396566, 0.11497839, -0.07550941, 0.99709195, -0.009116173, -0.113973156, -0.017712532, -0.99331474, -25.353962, 3.1249948, 72.67736)
size = Vector3(1.9002686, 7.25, 15.757446)
material = ExtResource("3_8ua48")

[node name="CSGBox3D15" type="CSGBox3D" parent="Terrain/Walls" unique_id=244543904]
transform = Transform3D(-0.99679285, -0.07523575, 0.027269952, -0.075509384, 0.9970918, -0.009116172, -0.026506212, -0.011146073, -0.9995752, -25.277445, 3.1249943, 61.550488)
size = Vector3(1.9002686, 7.25, 15.757446)
material = ExtResource("3_8ua48")

[node name="CSGBox3D16" type="CSGBox3D" parent="Terrain/Walls" unique_id=697507635]
transform = Transform3D(-0.99679285, -0.075235724, 0.027269948, -0.07550935, 0.99709153, -0.009116167, -0.02650621, -0.0111460695, -0.99957496, -24.850554, 3.1249933, 46.936066)
size = Vector3(1.9002686, 7.25, 15.757446)
material = ExtResource("3_8ua48")

[node name="CSGBox3D17" type="CSGBox3D" parent="Terrain/Walls" unique_id=2140358042]
transform = Transform3D(-0.9957269, -0.073627576, 0.055744924, -0.07616247, 0.9960769, -0.044785436, -0.05223084, -0.048839714, -0.99742836, -24.75502, 3.1249924, 33.043804)
size = Vector3(1.9002686, 7.25, 15.757446)
material = ExtResource("3_8ua48")

[node name="CSGBox3D18" type="CSGBox3D" parent="Terrain/Walls" unique_id=1495758386]
transform = Transform3D(-0.9957269, -0.073627606, 0.055744924, -0.07616247, 0.99607676, -0.044785425, -0.052230835, -0.0488397, -0.99742824, -24.652641, 3.124992, 18.155825)
size = Vector3(1.9002686, 7.25, 15.757446)
material = ExtResource("3_8ua48")

[node name="CSGBox3D19" type="CSGBox3D" parent="Terrain/Walls" unique_id=1415415970]
transform = Transform3D(-0.9957269, -0.07362758, 0.05574492, -0.076162316, 0.9960756, -0.04478535, -0.052230764, -0.04883962, -0.99742705, -24.447056, 3.0420012, 1.4333113)
size = Vector3(1.9002686, 7.25, 19.463562)
material = ExtResource("3_8ua48")

[node name="CSGBox3D20" type="CSGBox3D" parent="Terrain/Walls" unique_id=1260333443]
transform = Transform3D(-0.995727, -0.0736276, 0.05574485, -0.076161005, 0.9960652, -0.0447847, -0.0522301, -0.04883897, -0.9974165, -29.431183, 7.5623612, 1.248329)
size = Vector3(8.5434265, 7.25, 19.463562)
material = ExtResource("3_8ua48")

[node name="CSGBox3D21" type="CSGBox3D" parent="Terrain/Walls" unique_id=1217904987]
transform = Transform3D(-0.995727, -0.07362759, 0.05574485, -0.076161, 0.99606514, -0.04478469, -0.05223009, -0.048838962, -0.99741644, -29.577576, 7.562361, 22.536484)
size = Vector3(8.5434265, 7.25, 19.463562)
material = ExtResource("3_8ua48")

[node name="CSGBox3D22" type="CSGBox3D" parent="Terrain/Walls" unique_id=2146982136]
transform = Transform3D(-0.995727, -0.07362761, 0.05574485, -0.076161, 0.9960651, -0.044784687, -0.05223009, -0.04883896, -0.9974164, -29.74818, 7.5623603, 47.345383)
size = Vector3(8.5434265, 7.25, 19.463562)
material = ExtResource("3_8ua48")

[node name="CSGBox3D23" type="CSGBox3D" parent="Terrain/Walls" unique_id=892234563]
transform = Transform3D(-0.995727, -0.073627606, 0.05574485, -0.07616099, 0.996065, -0.044784687, -0.052230086, -0.04883896, -0.9974163, -29.912603, 7.56236, 71.25562)
size = Vector3(8.5434265, 7.25, 19.463562)
material = ExtResource("3_8ua48")

[node name="CSGBox3D24" type="CSGBox3D" parent="Terrain/Walls" unique_id=1686813144]
transform = Transform3D(-0.995727, -0.07362758, 0.055744845, -0.076160975, 0.99606496, -0.044784687, -0.052230086, -0.048838966, -0.99741626, -30.051298, 7.5623593, 91.4242)
size = Vector3(8.5434265, 7.25, 19.463562)
material = ExtResource("3_8ua48")

[node name="CSGBox3D25" type="CSGBox3D" parent="Terrain/Walls" unique_id=1157372375]
transform = Transform3D(0.99315274, 0.07602035, 0.088703066, -0.07550941, 0.9970921, -0.009116175, -0.08913937, 0.0023558289, 0.99600524, 26.159266, 3.1249955, 6.2238045)
size = Vector3(1.9002686, 7.25, 15.757446)
material = ExtResource("3_8ua48")

[node name="CSGBox3D26" type="CSGBox3D" parent="Terrain/Walls" unique_id=971211143]
transform = Transform3D(0.9875755, 0.07351728, -0.13888451, -0.0755094, 0.9970918, -0.00911617, 0.13781443, 0.019490005, 0.99025506, 26.56069, 3.1249948, 19.561348)
size = Vector3(1.9002686, 7.25, 15.757446)
material = ExtResource("3_8ua48")

[node name="CSGBox3D27" type="CSGBox3D" parent="Terrain/Walls" unique_id=1528040863]
transform = Transform3D(0.99586457, 0.07494527, -0.05135247, -0.07550939, 0.9970919, -0.009116172, 0.05052191, 0.012956069, 0.99862754, 26.21603, 3.1249943, 30.683144)
size = Vector3(1.9002686, 7.25, 15.757446)
material = ExtResource("3_8ua48")

[node name="CSGBox3D28" type="CSGBox3D" parent="Terrain/Walls" unique_id=1460317351]
transform = Transform3D(0.9958647, 0.074945256, -0.05135241, -0.07550936, 0.99709153, -0.009116167, 0.05052194, 0.012956071, 0.9986274, 25.437044, 3.1249933, 45.283035)
size = Vector3(1.9002686, 7.25, 15.757446)
material = ExtResource("3_8ua48")

[node name="CSGBox3D29" type="CSGBox3D" parent="Terrain/Walls" unique_id=389632215]
transform = Transform3D(0.9941789, 0.072429135, -0.079767466, -0.07616247, 0.9960769, -0.044785425, 0.076213375, 0.05060001, 0.99579513, 25.006725, 3.1249924, 59.168957)
size = Vector3(1.9002686, 7.25, 15.757446)
material = ExtResource("3_8ua48")

[node name="CSGBox3D30" type="CSGBox3D" parent="Terrain/Walls" unique_id=1031268485]
transform = Transform3D(0.9941789, 0.07242914, -0.07976748, -0.076162465, 0.9960767, -0.044785414, 0.076213375, 0.050599985, 0.995795, 24.545567, 3.124992, 74.05015)
size = Vector3(1.9002686, 7.25, 15.757446)
material = ExtResource("3_8ua48")

[node name="CSGBox3D31" type="CSGBox3D" parent="Terrain/Walls" unique_id=531537934]
transform = Transform3D(0.99417895, 0.07242915, -0.079767406, -0.076162316, 0.9960755, -0.044785343, 0.07621333, 0.050599918, 0.9957939, 23.937016, 3.0420012, 90.76285)
size = Vector3(1.9002686, 7.25, 19.463562)
material = ExtResource("3_8ua48")

[node name="CSGBox3D32" type="CSGBox3D" parent="Terrain/Walls" unique_id=1925081576]
transform = Transform3D(0.99417895, 0.07242919, -0.07976703, -0.07616102, 0.99606526, -0.044784702, 0.07621263, 0.050599262, 0.9957832, 28.915237, 7.5623612, 91.0679)
size = Vector3(8.5434265, 7.25, 19.463562)
material = ExtResource("3_8ua48")

[node name="CSGBox3D33" type="CSGBox3D" parent="Terrain/Walls" unique_id=1803057743]
transform = Transform3D(0.99417895, 0.072429195, -0.07976703, -0.07616101, 0.9960652, -0.04478469, 0.07621266, 0.050599262, 0.9957832, 29.574646, 7.562361, 69.78946)
size = Vector3(8.5434265, 7.25, 19.463562)
material = ExtResource("3_8ua48")

[node name="CSGBox3D34" type="CSGBox3D" parent="Terrain/Walls" unique_id=247711105]
transform = Transform3D(0.994179, 0.072429195, -0.07976706, -0.076161, 0.99606514, -0.04478469, 0.07621263, 0.05059925, 0.9957831, 30.343113, 7.5623603, 44.991875)
size = Vector3(8.5434265, 7.25, 19.463562)
material = ExtResource("3_8ua48")

[node name="CSGBox3D35" type="CSGBox3D" parent="Terrain/Walls" unique_id=886500627]
transform = Transform3D(0.9941791, 0.0724292, -0.07976706, -0.076161, 0.9960651, -0.044784684, 0.0762126, 0.05059924, 0.99578303, 31.083742, 7.56236, 21.092539)
size = Vector3(8.5434265, 7.25, 19.463562)
material = ExtResource("3_8ua48")

[node name="CSGBox3D36" type="CSGBox3D" parent="Terrain/Walls" unique_id=1807946243]
transform = Transform3D(0.9941791, 0.072429165, -0.07976706, -0.07616096, 0.9960649, -0.044784676, 0.0762126, 0.05059924, 0.99578303, 31.708473, 7.5623593, 0.9331589)
size = Vector3(8.5434265, 7.25, 19.463562)
material = ExtResource("3_8ua48")

[node name="CSGBox3D" type="CSGBox3D" parent="Terrain" unique_id=449806451]
transform = Transform3D(1, 0, 0, 0, 0.9700895, 0.24269742, 0, -0.24269742, 0.9700895, 12.590417, 0.3419742, 15.592521)
size = Vector3(4.4109497, 1, 6.074707)
material = ExtResource("2_8ua48")

[node name="CSGBox3D2" type="CSGBox3D" parent="Terrain" unique_id=1962334150]
transform = Transform3D(0.99991363, 0.013133313, 0.0004719308, -0.013139041, 0.9997904, 0.014883368, -0.00027637082, -0.014888282, 0.99987656, 12.590417, 1.0387999, 21.489475)
size = Vector3(4.4109497, 1, 6.074707)
material = ExtResource("2_8ua48")

[node name="CSGBox3D3" type="CSGBox3D" parent="Terrain" unique_id=1158398028]
transform = Transform3D(0.99991363, 0.0131333135, 0.00047193095, -0.012591529, 0.9676885, -0.2517823, -0.0037635106, 0.25175464, 0.9677702, 12.608062, 0.22250293, 27.163626)
size = Vector3(4.4109497, 1, 6.074707)
material = ExtResource("2_8ua48")

[node name="CSGSphere3D" type="CSGSphere3D" parent="Terrain" unique_id=1051981587]
transform = Transform3D(1, 0, 0, 0, 0.9999679, -0.007888798, 0, 0.007888798, 0.9999679, 9.286016, -0.22675395, 14.463077)
radius = 2.2516663
material = ExtResource("2_8ua48")

[node name="platform_2x2x1_blue2" parent="." unique_id=1186385139 instance=ExtResource("4_osyl0")]
transform = Transform3D(0.68198556, 0, -0.7313656, 0, 1, 0, 0.7313656, 0, 0.68198556, 4, 0, 18)

[node name="platform_2x2x1_blue3" parent="." unique_id=1755655648 instance=ExtResource("4_osyl0")]
transform = Transform3D(0.68198556, 0, -0.7313656, 0, 1, 0, 0.7313656, 0, 0.68198556, 4, 1.1134939, 18)

[node name="platform_2x2x1_blue4" parent="." unique_id=314700395 instance=ExtResource("4_osyl0")]
transform = Transform3D(0.68198556, 0, -0.7313656, 0, 1, 0, 0.7313656, 0, 0.68198556, 4, 2.335702, 18)

[node name="platform_2x2x1_blue5" parent="." unique_id=882098838 instance=ExtResource("4_osyl0")]
transform = Transform3D(0.68198556, 0, -0.7313656, 0, 1, 0, 0.7313656, 0, 0.68198556, 4, 3.4352627, 18)

[node name="platform_2x2x1_blue6" parent="." unique_id=1947607260 instance=ExtResource("4_osyl0")]
transform = Transform3D(0.68198556, 0, -0.7313656, 0, 1, 0, 0.7313656, 0, 0.68198556, 4, 4.5463104, 18)
