[gd_scene format=3 uid="uid://cobc2tnykxna2"]

[ext_resource type="Script" uid="uid://cdyb3e527o21c" path="res://scripts/game/world/world_chunk.gd" id="1_lery0"]
[ext_resource type="Material" uid="uid://bm8m6alb8sopa" path="res://assets/materials/dark_prototype_standard_material_3d.tres" id="2_5lyks"]
[ext_resource type="PackedScene" uid="uid://8ysbmp866oaa" path="res://scenes/world/props/prop_tree_large.tscn" id="3_mt07k"]
[ext_resource type="PackedScene" uid="uid://bwgxt54l16hla" path="res://scenes/world/props/prop_tree_xlarge.tscn" id="4_5v6dj"]
[ext_resource type="PackedScene" uid="uid://re0lxd3ugc3w" path="res://scenes/world/props/prop_fence_large.tscn" id="5_lery0"]
[ext_resource type="Material" uid="uid://ur4seutk5yxh" path="res://assets/materials/light_prototype_standard_material_3d.tres" id="6_5lyks"]
[ext_resource type="PackedScene" uid="uid://dydo6c4agumjv" path="res://scenes/world/props/prop_tree.tscn" id="7_ir284"]
[ext_resource type="PackedScene" uid="uid://qoo58nmojjel" path="res://scenes/world/hazards/hazard_wall.tscn" id="8_5ah1b"]

[sub_resource type="PhysicsMaterial" id="PhysicsMaterial_ir284"]

[sub_resource type="BoxShape3D" id="BoxShape3D_5ah1b"]
size = Vector3(1, 7.9907837, 100.144516)

[sub_resource type="BoxMesh" id="BoxMesh_5lyks"]
material = ExtResource("6_5lyks")
size = Vector3(4, 5, 10)

[node name="WorldChunk1" type="Node3D" unique_id=1727605181 node_paths=PackedStringArray("end_connection")]
script = ExtResource("1_lery0")
end_connection = NodePath("EndConnection")

[node name="EndConnection" type="Node3D" parent="." unique_id=152081666]
transform = Transform3D(1, 0, 0, 0, 1, 0, 0, 0, 1, 0, -0.016052932, 100)

[node name="Terrain" type="CSGCombiner3D" parent="." unique_id=762513538]
transform = Transform3D(1, 0, 0, 0, 0.99999994, 0, 0, 0, 0.99999994, 0, 0, 0)
use_collision = true
collision_layer = 2
collision_mask = 261

[node name="floor" type="CSGBox3D" parent="Terrain" unique_id=429855115]
transform = Transform3D(1, 0, 0, 0, 0.99999523, 0, 0, 0, 0.99999523, 0, -0.49999997, 49.999996)
size = Vector3(40, 1, 100)
material = ExtResource("2_5lyks")

[node name="Props" type="Node3D" parent="." unique_id=874386263]

[node name="Tree64" parent="Props" unique_id=814743271 instance=ExtResource("4_5v6dj")]
transform = Transform3D(1, 0, 0, 0, 0.99999994, 0, 0, 0, 0.9999999, 15.367249, 0, 94.999985)
visuals_path = NodePath("../Tree25/Visuals")

[node name="Tree65" parent="Props" unique_id=1448691044 instance=ExtResource("4_5v6dj")]
transform = Transform3D(1, 0, 0, 0, 0.99999994, 0, 0, 0, 0.9999999, -15.673648, 0, 95.999985)
visuals_path = NodePath("../Tree30/Visuals")

[node name="Tree66" parent="Props" unique_id=1968129536 instance=ExtResource("4_5v6dj")]
transform = Transform3D(1, 0, 0, 0, 0.99999994, 0, 0, 0, 0.9999999, 16.367249, 0, 88.999985)
visuals_path = NodePath("../Tree33/Visuals")

[node name="Tree67" parent="Props" unique_id=1696182675 instance=ExtResource("4_5v6dj")]
transform = Transform3D(1, 0, 0, 0, 1, 0, 0, 0, 0.99999994, -10.937628, 0.075003855, 91.06305)
visuals_path = NodePath("../Tree37/Visuals")

[node name="Tree68" parent="Props" unique_id=1815818379 instance=ExtResource("4_5v6dj")]
transform = Transform3D(1, 0, 0, 0, 1, 0, 0, 0, 0.99999994, -8.5857315, 0.07500004, 88.45949)
visuals_path = NodePath("../Tree38/Visuals")

[node name="Tree26" parent="Props" unique_id=1119943779 instance=ExtResource("3_mt07k")]
transform = Transform3D(1, 0, 0, 0, 0.99999994, 0, 0, 0, 0.9999999, 10.042316, -3.8146968e-06, 43.415874)
visuals_path = NodePath("../Tree6/Visuals")

[node name="Tree27" parent="Props" unique_id=1268847255 instance=ExtResource("3_mt07k")]
transform = Transform3D(0.9999903, 0.0034749638, 0.0027127916, -0.0034756481, 0.99999386, 0.0002473084, -0.0027119128, -0.0002567599, 0.9999962, 8.289686, 0, 69.24255)
visuals_path = NodePath("../Tree8/Visuals")

[node name="Tree28" parent="Props" unique_id=1070377360 instance=ExtResource("3_mt07k")]
transform = Transform3D(1, 0, 0, 0, 1, 0, 0, 0, 0.99999994, 9.789805, 0, 67.98952)
visuals_path = NodePath("../Tree10/Visuals")

[node name="Tree29" parent="Props" unique_id=980416943 instance=ExtResource("3_mt07k")]
transform = Transform3D(1, 0, 0, 0, 1, 0, 0, 0, 0.99999994, -6.6971292, -3.814697e-06, 43.940063)
visuals_path = NodePath("../Tree11/Visuals")

[node name="Tree30" parent="Props" unique_id=1756014197 instance=ExtResource("3_mt07k")]
transform = Transform3D(1, 0, 0, 0, 1, 0, 0, 0, 0.99999994, -8.120804, -3.814697e-06, 43.06995)
visuals_path = NodePath("../Tree14/Visuals")

[node name="Tree31" parent="Props" unique_id=1423354259 instance=ExtResource("3_mt07k")]
transform = Transform3D(1, 0, 0, 0, 1, 0, 0, 0, 0.99999994, -8.3848915, -3.814697e-06, 45.418095)
visuals_path = NodePath("../Tree15/Visuals")

[node name="Tree58" parent="Props" unique_id=841671413 instance=ExtResource("3_mt07k")]
transform = Transform3D(1, 0, 0, 0, 1, 0, 0, 0, 0.99999994, -8.3848915, -3.814697e-06, 55.06004)
visuals_path = NodePath("../Tree15/Visuals")

[node name="Tree32" parent="Props" unique_id=2025416591 instance=ExtResource("3_mt07k")]
transform = Transform3D(1, 0, 0, 0, 0.99999994, 0, 0, 0, 0.9999999, 9.879412, 0, 70.978386)
visuals_path = NodePath("../Tree16/Visuals")

[node name="Tree33" parent="Props" unique_id=1135045091 instance=ExtResource("3_mt07k")]
transform = Transform3D(0.94109344, 0, 0.33814663, 0, 0.99999964, 0, -0.33814648, 0, 0.94109297, 16.316051, -3.8146954e-06, 76.01491)
visuals_path = NodePath("../Tree17/Visuals")

[node name="Tree34" parent="Props" unique_id=662621284 instance=ExtResource("3_mt07k")]
transform = Transform3D(0.81190014, 0, 0.5837963, 0, 0.9999995, 0, -0.5837958, 0, 0.8118996, 11.92701, -3.8146952e-06, 9.112744)
visuals_path = NodePath("../Tree19/Visuals")

[node name="Tree35" parent="Props" unique_id=254972945 instance=ExtResource("3_mt07k")]
transform = Transform3D(0.86036867, 0, -0.5096722, 0, 0.9999995, 0, 0.5096717, 0, 0.86036813, 10.049917, -3.8146952e-06, 10.330022)
visuals_path = NodePath("../Tree20/Visuals")

[node name="Tree36" parent="Props" unique_id=1078168380 instance=ExtResource("3_mt07k")]
transform = Transform3D(0.9635698, 0, -0.267457, 0, 0.9999999, 0, 0.26745692, 0, 0.96356964, 12.34644, -3.8146966e-06, 10.628047)
visuals_path = NodePath("../Tree23/Visuals")

[node name="Tree37" parent="Props" unique_id=1212509724 instance=ExtResource("3_mt07k")]
transform = Transform3D(0.9729697, 0, 0.23093288, 0, 0.9999999, 0, -0.23093283, 0, 0.97296953, 11.365446, 0, 12.214719)
visuals_path = NodePath("../Tree24/Visuals")

[node name="Tree38" parent="Props" unique_id=1012673331 instance=ExtResource("3_mt07k")]
transform = Transform3D(0.5155018, 0, -0.8568885, 0, 0.9999999, 0, 0.8568883, 0, 0.5155016, 13.296442, -3.8146966e-06, 11.792586)

[node name="Tree39" parent="Props" unique_id=1423489684 instance=ExtResource("3_mt07k")]
transform = Transform3D(0.9581429, 0, 0.28629044, 0, 0.9999999, 0, -0.28629035, 0, 0.9581427, 13.953367, -3.8146966e-06, 9.14294)

[node name="Tree40" parent="Props" unique_id=1907797674 instance=ExtResource("3_mt07k")]
transform = Transform3D(0.98331845, 0, 0.18189229, 0, 0.9999999, 0, -0.18189225, 0, 0.98331827, 9.924017, -3.8146966e-06, 7.9428334)

[node name="Tree41" parent="Props" unique_id=1930614707 instance=ExtResource("3_mt07k")]
transform = Transform3D(0.8672967, 0, -0.49779156, 0, 0.9999999, 0, 0.49779147, 0, 0.8672965, 12.318407, -3.8146966e-06, 7.535732)

[node name="Tree42" parent="Props" unique_id=1384395823 instance=ExtResource("3_mt07k")]
transform = Transform3D(0.9933668, 0, -0.11498918, 0, 0.99999976, 0, 0.11498914, 0, 0.9933665, -10.592194, 0, 88.762375)

[node name="Tree43" parent="Props" unique_id=1003827909 instance=ExtResource("3_mt07k")]
transform = Transform3D(0.74845827, 0, -0.6631819, 0, 0.99999994, 0, 0.6631818, 0, 0.74845815, -8.451473, -3.8146968e-06, 90.612625)

[node name="Tree44" parent="Props" unique_id=591977597 instance=ExtResource("3_mt07k")]
transform = Transform3D(0.99832267, 0, -0.057895094, 0, 0.9999999, 0, 0.057895083, 0, 0.9983225, -6.9976645, -3.8146966e-06, 88.990005)

[node name="Tree45" parent="Props" unique_id=1863294265 instance=ExtResource("3_mt07k")]
transform = Transform3D(0.9863575, 0, -0.16461726, 0, 0.9999999, 0, 0.16461721, 0, 0.98635733, -9.281806, -3.8146966e-06, 86.54702)

[node name="Tree47" parent="Props" unique_id=1024128867 instance=ExtResource("3_mt07k")]
transform = Transform3D(1, 0, 0, 0, 1, 0, 0, 0, 0.99999994, -7.2751465, -3.814697e-06, 32.39816)

[node name="Tree48" parent="Props" unique_id=1938556070 instance=ExtResource("3_mt07k")]
transform = Transform3D(1, 0, 0, 0, 1, 0, 0, 0, 0.99999994, -10.448151, 0, 79.25137)

[node name="Tree49" parent="Props" unique_id=1948197775 instance=ExtResource("3_mt07k")]
transform = Transform3D(1, 0, 0, 0, 1, 0, 0, 0, 0.99999994, -4.6844788, -7.629394e-06, 64.984)

[node name="Tree50" parent="Props" unique_id=1070861598 instance=ExtResource("3_mt07k")]
transform = Transform3D(0.9999948, -0.0014144526, -0.0029085218, 0.0014186461, 0.99999785, 0.0014445828, 0.0029064778, -0.0014486898, 0.9999946, 2.2416363, 7.629393e-06, 49.257336)

[node name="Tree51" parent="Props" unique_id=1994710221 instance=ExtResource("4_5v6dj")]
transform = Transform3D(0.72049063, 0, 0.6934647, 0, 1, 0, -0.69346464, 0, 0.7204906, 7.2117205, 0.074996226, 28.316366)
visuals_path = NodePath("../Tree/Visuals")

[node name="Tree53" parent="Props" unique_id=1139693274 instance=ExtResource("4_5v6dj")]
transform = Transform3D(0.721645, -0.000519277, 0.6922631, 0.0010848347, 0.99999934, -0.00038073663, -0.6922623, 0.0010257574, 0.72164506, 8.400842, 0.074996226, 25.558306)
visuals_path = NodePath("../Tree3/Visuals")

[node name="Tree54" parent="Props" unique_id=208803215 instance=ExtResource("4_5v6dj")]
transform = Transform3D(0.6970149, 0, -0.71705663, 0, 1, 0, 0.7170566, 0, 0.69701487, -10.77191, 0.074996226, 27.852133)
visuals_path = NodePath("../Tree4/Visuals")

[node name="Tree55" parent="Props" unique_id=595630450 instance=ExtResource("4_5v6dj")]
transform = Transform3D(0.6970149, 0, -0.71705663, 0, 1, 0, 0.7170566, 0, 0.69701487, -9.018657, 0.074996226, 26.512753)
visuals_path = NodePath("../Tree5/Visuals")

[node name="Tree56" parent="Props" unique_id=289013719 instance=ExtResource("4_5v6dj")]
transform = Transform3D(0.69581825, -0.0010283097, -0.7182171, 0.0010848347, 0.99999934, -0.0003807366, 0.71821684, -0.000514204, 0.695819, -7.8499036, 0.074996226, 29.026834)
visuals_path = NodePath("../Tree7/Visuals")

[node name="Tree57" parent="Props" unique_id=1710740969 instance=ExtResource("4_5v6dj")]
transform = Transform3D(0.6970149, 0, -0.71705663, 0, 1, 0, 0.7170566, 0, 0.69701487, -10.77191, 0.074996226, 57.192898)
visuals_path = NodePath("../Tree9/Visuals")

[node name="Tree59" parent="Props" unique_id=657584764 instance=ExtResource("4_5v6dj")]
transform = Transform3D(0.69581825, -0.0010283097, -0.7182171, 0.0010848347, 0.99999934, -0.0003807366, 0.71821684, -0.000514204, 0.695819, -7.8499036, 0.074996226, 58.3676)
visuals_path = NodePath("../Tree13/Visuals")

[node name="Tree60" parent="Props" unique_id=173152597 instance=ExtResource("4_5v6dj")]
transform = Transform3D(0.98104656, 0, 0.19377199, 0, 0.99999994, 0, -0.19377196, 0, 0.98104644, 14.945558, 0.07499622, 57.813503)
visuals_path = NodePath("")

[node name="Tree61" parent="Props" unique_id=746314894 instance=ExtResource("4_5v6dj")]
transform = Transform3D(0.98104656, 0, 0.19377199, 0, 0.99999994, 0, -0.19377196, 0, 0.98104644, 14.356302, 0.07499622, 55.27796)
visuals_path = NodePath("../Tree21/Visuals")

[node name="Tree62" parent="Props" unique_id=893300860 instance=ExtResource("4_5v6dj")]
transform = Transform3D(0.98136747, -0.000991458, 0.192137, 0.0010848346, 0.99999934, -0.00038073654, -0.19213642, 0.00058209774, 0.981368, 12.5851755, 0.07499621, 56.703964)
visuals_path = NodePath("../Tree22/Visuals")

[node name="Fence10" parent="Props" unique_id=1605293588 instance=ExtResource("5_lery0")]
transform = Transform3D(1, 0, 0, 0, 1, 0, 0, 0, 0.99999994, 7.355379, 0.001072198, 63.080303)
visuals_path = NodePath("../Fence/Visuals")

[node name="Fence11" parent="Props" unique_id=277505967 instance=ExtResource("5_lery0")]
transform = Transform3D(1, 0, 0, 0, 1, 0, 0, 0, 0.99999994, 5.1438084, 0.0010741054, 63.07078)
visuals_path = NodePath("../Fence2/Visuals")

[node name="Fence12" parent="Props" unique_id=950040468 instance=ExtResource("5_lery0")]
transform = Transform3D(1, 0, 0, 0, 1, 0, 0, 0, 0.99999994, 9.606794, 0.001072198, 63.026386)
visuals_path = NodePath("../Fence3/Visuals")

[node name="Fence13" parent="Props" unique_id=1935463089 instance=ExtResource("5_lery0")]
transform = Transform3D(1, 0, 0, 0, 1, 0, 0, 0, 0.99999994, -2.0252197, 0.0010741054, 63.13663)
visuals_path = NodePath("../Fence4/Visuals")

[node name="Fence14" parent="Props" unique_id=314341624 instance=ExtResource("5_lery0")]
transform = Transform3D(1, 0, 0, 0, 1, 0, 0, 0, 0.99999994, -4.309424, 0.0010741054, 63.16505)
visuals_path = NodePath("../Fence5/Visuals")

[node name="Fence15" parent="Props" unique_id=1364574234 instance=ExtResource("5_lery0")]
transform = Transform3D(1, 0, 0, 0, 1, 0, 0, 0, 0.99999994, -6.591096, 0.0010741054, 63.154438)
visuals_path = NodePath("../Fence6/Visuals")

[node name="Fence16" parent="Props" unique_id=1798825082 instance=ExtResource("5_lery0")]
transform = Transform3D(1, 0, 0, 0, 1, 0, 0, 0, 0.99999994, 9.434671, 0.001072198, 41.510452)
visuals_path = NodePath("../Fence7/Visuals")

[node name="Fence17" parent="Props" unique_id=858587465 instance=ExtResource("5_lery0")]
transform = Transform3D(1, 0, 0, 0, 1, 0, 0, 0, 0.99999994, 7.152723, 0.0010702907, 41.497467)
visuals_path = NodePath("../Fence8/Visuals")

[node name="Fence18" parent="Props" unique_id=884293938 instance=ExtResource("5_lery0")]
transform = Transform3D(0.9739443, 0, 0.22678728, 0, 1, 0, -0.22678727, 0, 0.97394425, 4.780604, 0.0010702907, 41.516727)
visuals_path = NodePath("../Fence9/Visuals")

[node name="Fence19" parent="Props" unique_id=896351461 instance=ExtResource("5_lery0")]
transform = Transform3D(1, 0, 0, 0, 1, 0, 0, 0, 0.99999994, 2.3717055, 0.0010702907, 41.622288)

[node name="Tree63" parent="Props" unique_id=2112639200 instance=ExtResource("3_mt07k")]
transform = Transform3D(1, 0, 0, 0, 1, 0, 0, 0, 0.99999994, -12.697023, 0, 14.752994)

[node name="Fence20" parent="Props" unique_id=1564300849 instance=ExtResource("5_lery0")]
transform = Transform3D(-0.03608556, 0, -0.9993485, 0, 0.9999995, 0, 0.9993484, 0, -0.036085535, 1.3394482, 0.016166583, 40.04191)

[node name="Fence21" parent="Props" unique_id=1885934712 instance=ExtResource("5_lery0")]
transform = Transform3D(-0.03608556, 0, -0.9993485, 0, 0.99999946, 0, 0.99934834, 0, -0.03608553, 1.3394482, 0.01616658, 37.797398)

[node name="Fence22" parent="Props" unique_id=1311149255 instance=ExtResource("5_lery0")]
transform = Transform3D(-0.03608556, 0, -0.9993485, 0, 0.9999994, 0, 0.9993483, 0, -0.036085527, 1.3394482, 0.016166579, 35.523148)

[node name="Fence23" parent="Props" unique_id=42782687 instance=ExtResource("5_lery0")]
transform = Transform3D(-0.03608556, 0, -0.9993485, 0, 0.99999934, 0, 0.9993482, 0, -0.036085524, 1.3394482, 0.016166577, 33.246487)

[node name="Fence" parent="Props" unique_id=1587866201 instance=ExtResource("5_lery0")]
transform = Transform3D(1, 0, 0, 0, 1.0000001, 0, 0, 0, 1, 5.01893, 0.0010717213, 31.339972)

[node name="Fence2" parent="Props" unique_id=1366000522 instance=ExtResource("5_lery0")]
transform = Transform3D(1, 0, 0, 0, 1.0000001, 0, 0, 0, 1, 11.905359, 0.0010717213, 16.513712)

[node name="Fence3" parent="Props" unique_id=1387739473 instance=ExtResource("5_lery0")]
transform = Transform3D(1, 0, 0, 0, 1.0000001, 0, 0, 0, 1, 2.727136, 0.0010721982, 31.543652)

[node name="Tree" parent="Props" unique_id=143269836 instance=ExtResource("4_5v6dj")]
transform = Transform3D(1, 0, 0, 0, 1.0000001, 0, 0, 0, 1, -13.877957, 0.07500005, 13.643475)

[node name="Tree2" parent="Props" unique_id=345525434 instance=ExtResource("3_mt07k")]
transform = Transform3D(0.83208966, 0, -0.5546411, 0, 1.0000001, 0, 0.5546411, 0, 0.83208966, -12.357575, 7.6293945e-06, 12.461807)

[node name="Tree3" parent="Props" unique_id=535951624 instance=ExtResource("3_mt07k")]
transform = Transform3D(0.9193827, 0, -0.3933643, 0, 1.0000001, 0, 0.3933643, 0, 0.9193827, -15.166146, -1.9073486e-06, 12.034506)

[node name="Tree4" parent="Props" unique_id=1296806977 instance=ExtResource("3_mt07k")]
transform = Transform3D(1, 0, 0, 0, 1.0000001, 0, 0, 0, 1, -15.080677, -1.9073486e-06, 15.644299)

[node name="Tree5" parent="Props" unique_id=745264619 instance=ExtResource("4_5v6dj")]
transform = Transform3D(1, 0, 0, 0, 1.0000001, 0, 0, 0, 1, -13.584596, 0.075001955, 36.786034)

[node name="Tree6" parent="Props" unique_id=1263305571 instance=ExtResource("3_mt07k")]
transform = Transform3D(0.5269113, 0, 0.84992015, 0, 1, 0, -0.84992015, 0, 0.5269113, 6.4384356, -3.8146973e-06, 25.572378)

[node name="Tree7" parent="Props" unique_id=833203461 instance=ExtResource("4_5v6dj")]
transform = Transform3D(1, 0, 0, 0, 1.0000001, 0, 0, 0, 1, 15.707983, 0.07500005, 34.25564)

[node name="Tree8" parent="Props" unique_id=1704422967 instance=ExtResource("4_5v6dj")]
transform = Transform3D(1, 0, 0, 0, 1.0000001, 0, 0, 0, 1, 16.135569, 0.075001955, 41.789604)

[node name="Tree9" parent="Props" unique_id=1696926673 instance=ExtResource("4_5v6dj")]
transform = Transform3D(1, 0, 0, 0, 1.0000001, 0, 0, 0, 1, 14.05468, 0.07499623, 39.9872)

[node name="Tree10" parent="Props" unique_id=429505924 instance=ExtResource("4_5v6dj")]
transform = Transform3D(1, 0, 0, 0, 1.0000001, 0, 0, 0, 1, -15.792558, 0.07499814, 61.00553)

[node name="Tree11" parent="Props" unique_id=593451705 instance=ExtResource("4_5v6dj")]
transform = Transform3D(1, 0, 0, 0, 1.0000001, 0, 0, 0, 1, -13.715686, 0.07499623, 74.00477)

[node name="Fence4" parent="Props" unique_id=865821363 instance=ExtResource("5_lery0")]
transform = Transform3D(1, 0, 0, 0, 1.0000001, 0, 0, 0, 1, 13.197724, 0.0010779202, 98.98224)

[node name="Fence5" parent="Props" unique_id=2066313400 instance=ExtResource("5_lery0")]
transform = Transform3D(1, 0, 0, 0, 1.0000001, 0, 0, 0, 1, 10.767433, 0.0010741055, 98.991486)

[node name="Fence6" parent="Props" unique_id=507359596 instance=ExtResource("5_lery0")]
transform = Transform3D(1, 0, 0, 0, 1.0000001, 0, 0, 0, 1, 8.488995, 0.0010741055, 98.997475)

[node name="Fence7" parent="Props" unique_id=229302769 instance=ExtResource("5_lery0")]
transform = Transform3D(1, 0, 0, 0, 1.0000001, 0, 0, 0, 1, 6.213309, 0.0010741055, 99.003456)

[node name="Fence8" parent="Props" unique_id=1945238248 instance=ExtResource("5_lery0")]
transform = Transform3D(1, 0, 0, 0, 1.0000001, 0, 0, 0, 1, 3.98092, 0.0010741055, 99.05217)

[node name="Fence9" parent="Props" unique_id=543371928 instance=ExtResource("5_lery0")]
transform = Transform3D(1, 0, 0, 0, 1.0000001, 0, 0, 0, 1, 1.5958498, 0.0010702908, 99.01702)

[node name="Tree12" parent="Props" unique_id=2106179505 instance=ExtResource("3_mt07k")]
transform = Transform3D(1, 0, 0, 0, 1.0000001, 0, 0, 0, 1, 3.3683355, 3.8146973e-06, 96.63205)

[node name="Tree13" parent="Props" unique_id=1614211945 instance=ExtResource("4_5v6dj")]
transform = Transform3D(1, 0, 0, 0, 1.0000001, 0, 0, 0, 1, 5.8023605, 0.07499623, 96.20154)

[node name="Tree14" parent="Props" unique_id=469813905 instance=ExtResource("3_mt07k")]
transform = Transform3D(1, 0, 0, 0, 1.0000001, 0, 0, 0, 1, 4.215489, 0, 94.46674)

[node name="Tree15" parent="Props" unique_id=1551604500 instance=ExtResource("7_ir284")]
transform = Transform3D(1, 0, 0, 0, 1.0000001, 0, 0, 0, 1, 7.0371156, -3.8146973e-06, 81.67346)

[node name="Tree16" parent="Props" unique_id=1555938572 instance=ExtResource("3_mt07k")]
transform = Transform3D(1, 0, 0, 0, 1.0000001, 0, 0, 0, 1, 8.402412, -1.9073486e-06, 81.53306)

[node name="Tree17" parent="Props" unique_id=1652034189 instance=ExtResource("4_5v6dj")]
transform = Transform3D(1, 0, 0, 0, 1.0000001, 0, 0, 0, 1, 6.3546696, 0.07499623, 83.056366)

[node name="Tree19" parent="Props" unique_id=1619857232 instance=ExtResource("4_5v6dj")]
transform = Transform3D(1, 0, 0, 0, 1.0000001, 0, 0, 0, 1, -7.628971, 0.07500005, 5.899519)

[node name="Tree20" parent="Props" unique_id=1157001746 instance=ExtResource("4_5v6dj")]
transform = Transform3D(0.6163077, 0, 0.78750545, 0, 1.0000001, 0, -0.78750545, 0, 0.6163077, 16.158834, 0.07500005, 1.2380333)

[node name="Tree21" parent="Props" unique_id=586212528 instance=ExtResource("3_mt07k")]
transform = Transform3D(1, 0, 0, 0, 1.0000001, 0, 0, 0, 1, -9.380601, -7.6293945e-06, 6.156494)

[node name="Tree22" parent="Props" unique_id=1293318810 instance=ExtResource("3_mt07k")]
transform = Transform3D(1, 0, 0, 0, 1.0000001, 0, 0, 0, 1, -8.483688, -7.6293945e-06, 4.5181847)

[node name="Tree23" parent="Props" unique_id=394264765 instance=ExtResource("3_mt07k")]
transform = Transform3D(1, 0, 0, 0, 1.0000001, 0, 0, 0, 1, -0.7771869, -3.8146973e-06, 76.19348)

[node name="Tree24" parent="Props" unique_id=2067181135 instance=ExtResource("4_5v6dj")]
transform = Transform3D(1, 0, 0, 0, 1.0000001, 0, 0, 0, 1, -1.8227961, 0.074994326, 77.23573)

[node name="Tree25" parent="Props" unique_id=1503309400 instance=ExtResource("3_mt07k")]
transform = Transform3D(1, 0, 0, 0, 1.0000001, 0, 0, 0, 1, -2.916455, -3.8146973e-06, 75.208145)

[node name="Walls" type="Node3D" parent="." unique_id=1232905453]

[node name="StaticBody3D" type="StaticBody3D" parent="Walls" unique_id=1173053682]
physics_material_override = SubResource("PhysicsMaterial_ir284")

[node name="CollisionShape3D2" type="CollisionShape3D" parent="Walls/StaticBody3D" unique_id=469087822]
transform = Transform3D(1, 0, 0, 0, 1, 0, 0, 0, 1, -20.378565, 3.8131857, 50.040565)
shape = SubResource("BoxShape3D_5ah1b")

[node name="CollisionShape3D" type="CollisionShape3D" parent="Walls/StaticBody3D" unique_id=1669935863]
transform = Transform3D(1, 0, 0, 0, 1, 0, 0, 0, 1, 20.392355, 3.8131857, 50.040565)
shape = SubResource("BoxShape3D_5ah1b")

[node name="Visuals" type="Node3D" parent="Walls" unique_id=1132750492]

[node name="BottomRow" type="Node3D" parent="Walls/Visuals" unique_id=1295296089]

[node name="MeshInstance3D" type="MeshInstance3D" parent="Walls/Visuals/BottomRow" unique_id=1630424416]
transform = Transform3D(1, 0, 0, 0, 1, 0, 0, 0, 1, 21.95187, 1.2301438, 4.9852524)
mesh = SubResource("BoxMesh_5lyks")

[node name="MeshInstance3D2" type="MeshInstance3D" parent="Walls/Visuals/BottomRow" unique_id=1335924124]
transform = Transform3D(0.9993908, 0, -0.03489949, 0, 1, 0, 0.03489949, 0, 0.9993908, 21.68363, 1.2301438, 14.653152)
mesh = SubResource("BoxMesh_5lyks")

[node name="MeshInstance3D3" type="MeshInstance3D" parent="Walls/Visuals/BottomRow" unique_id=1874176358]
transform = Transform3D(0.9993908, 0, -0.03489949, 0, 1, 0, 0.03489949, 0, 0.9993908, 21.68363, 1.2301438, 23.282639)
mesh = SubResource("BoxMesh_5lyks")

[node name="MeshInstance3D4" type="MeshInstance3D" parent="Walls/Visuals/BottomRow" unique_id=1645455337]
transform = Transform3D(0.9993908, 0, -0.03489949, 0, 1, 0, 0.03489949, 0, 0.9993908, 21.68363, 1.2301438, 31.404175)
mesh = SubResource("BoxMesh_5lyks")

[node name="MeshInstance3D5" type="MeshInstance3D" parent="Walls/Visuals/BottomRow" unique_id=817901068]
transform = Transform3D(0.9993908, 0, -0.03489949, 0, 1, 0, 0.03489949, 0, 0.9993908, 21.68363, 1.2301438, 39.528442)
mesh = SubResource("BoxMesh_5lyks")

[node name="MeshInstance3D6" type="MeshInstance3D" parent="Walls/Visuals/BottomRow" unique_id=2129953324]
transform = Transform3D(0.9993908, 0, -0.03489949, 0, 1, 0, 0.03489949, 0, 0.9993908, 21.68363, 1.2301438, 48.93153)
mesh = SubResource("BoxMesh_5lyks")

[node name="MeshInstance3D7" type="MeshInstance3D" parent="Walls/Visuals/BottomRow" unique_id=910039986]
transform = Transform3D(0.9993908, 0, -0.03489949, 0, 1, 0, 0.03489949, 0, 0.9993908, 21.68363, 1.2301438, 58.334618)
mesh = SubResource("BoxMesh_5lyks")

[node name="MeshInstance3D8" type="MeshInstance3D" parent="Walls/Visuals/BottomRow" unique_id=1607563362]
transform = Transform3D(0.9993908, 0, -0.03489949, 0, 1, 0, 0.03489949, 0, 0.9993908, 21.68363, 1.2301438, 68.11383)
mesh = SubResource("BoxMesh_5lyks")

[node name="MeshInstance3D9" type="MeshInstance3D" parent="Walls/Visuals/BottomRow" unique_id=1258170530]
transform = Transform3D(0.9993908, 0, -0.03489949, 0, 1, 0, 0.03489949, 0, 0.9993908, 21.68363, 1.2301438, 76.99034)
mesh = SubResource("BoxMesh_5lyks")

[node name="MeshInstance3D10" type="MeshInstance3D" parent="Walls/Visuals/BottomRow" unique_id=2134557607]
transform = Transform3D(0.9993908, 0, -0.03489949, 0, 1, 0, 0.03489949, 0, 0.9993908, 21.68363, 1.2301438, 86.0173)
mesh = SubResource("BoxMesh_5lyks")

[node name="MeshInstance3D11" type="MeshInstance3D" parent="Walls/Visuals/BottomRow" unique_id=1385316017]
transform = Transform3D(0.9993908, 0, -0.03489949, 0, 1, 0, 0.03489949, 0, 0.9993908, 21.68363, 1.2301438, 95.19472)
mesh = SubResource("BoxMesh_5lyks")

[node name="TopRow" type="Node3D" parent="Walls/Visuals" unique_id=2037377439]
transform = Transform3D(1, 0, 0, 0, 1, 0, 0, 0, 1, 0.551949, 4.8328247, 0)

[node name="MeshInstance3D" type="MeshInstance3D" parent="Walls/Visuals/TopRow" unique_id=1630302444]
transform = Transform3D(1, 0, 0, 0, 1, 0, 0, 0, 1, 21.95187, 1.2301438, 4.9852524)
mesh = SubResource("BoxMesh_5lyks")

[node name="MeshInstance3D2" type="MeshInstance3D" parent="Walls/Visuals/TopRow" unique_id=780287821]
transform = Transform3D(0.9993908, 0, -0.03489949, 0, 1, 0, 0.03489949, 0, 0.9993908, 21.68363, 1.2301438, 14.653152)
mesh = SubResource("BoxMesh_5lyks")

[node name="MeshInstance3D3" type="MeshInstance3D" parent="Walls/Visuals/TopRow" unique_id=740285672]
transform = Transform3D(0.9993908, 0, -0.03489949, 0, 1, 0, 0.03489949, 0, 0.9993908, 21.68363, 1.2301438, 23.282639)
mesh = SubResource("BoxMesh_5lyks")

[node name="MeshInstance3D4" type="MeshInstance3D" parent="Walls/Visuals/TopRow" unique_id=2121319423]
transform = Transform3D(0.9993908, 0, -0.03489949, 0, 1, 0, 0.03489949, 0, 0.9993908, 21.68363, 1.2301438, 31.404175)
mesh = SubResource("BoxMesh_5lyks")

[node name="MeshInstance3D5" type="MeshInstance3D" parent="Walls/Visuals/TopRow" unique_id=390244962]
transform = Transform3D(0.9993908, 0, -0.03489949, 0, 1, 0, 0.03489949, 0, 0.9993908, 21.68363, 1.2301438, 39.528442)
mesh = SubResource("BoxMesh_5lyks")

[node name="MeshInstance3D6" type="MeshInstance3D" parent="Walls/Visuals/TopRow" unique_id=1620104627]
transform = Transform3D(0.9993908, 0, -0.03489949, 0, 1, 0, 0.03489949, 0, 0.9993908, 21.68363, 1.2301438, 48.93153)
mesh = SubResource("BoxMesh_5lyks")

[node name="MeshInstance3D7" type="MeshInstance3D" parent="Walls/Visuals/TopRow" unique_id=1897711154]
transform = Transform3D(0.9993908, 0, -0.03489949, 0, 1, 0, 0.03489949, 0, 0.9993908, 21.68363, 1.2301438, 58.334618)
mesh = SubResource("BoxMesh_5lyks")

[node name="MeshInstance3D8" type="MeshInstance3D" parent="Walls/Visuals/TopRow" unique_id=1092696934]
transform = Transform3D(0.9993908, 0, -0.03489949, 0, 1, 0, 0.03489949, 0, 0.9993908, 21.68363, 1.2301438, 68.11383)
mesh = SubResource("BoxMesh_5lyks")

[node name="MeshInstance3D9" type="MeshInstance3D" parent="Walls/Visuals/TopRow" unique_id=47400937]
transform = Transform3D(0.9993908, 0, -0.03489949, 0, 1, 0, 0.03489949, 0, 0.9993908, 21.68363, 1.2301438, 76.99034)
mesh = SubResource("BoxMesh_5lyks")

[node name="MeshInstance3D10" type="MeshInstance3D" parent="Walls/Visuals/TopRow" unique_id=1011413033]
transform = Transform3D(0.9993908, 0, -0.03489949, 0, 1, 0, 0.03489949, 0, 0.9993908, 21.68363, 1.2301438, 86.0173)
mesh = SubResource("BoxMesh_5lyks")

[node name="MeshInstance3D11" type="MeshInstance3D" parent="Walls/Visuals/TopRow" unique_id=1504536134]
transform = Transform3D(0.9993908, 0, -0.03489949, 0, 1, 0, 0.03489949, 0, 0.9993908, 21.68363, 1.2301438, 95.19472)
mesh = SubResource("BoxMesh_5lyks")

[node name="BottomRow2" type="Node3D" parent="Walls/Visuals" unique_id=405721010]
transform = Transform3D(1, 0, 0, 0, 1, 0, 0, 0, 1, -43.041946, 0, 0)

[node name="MeshInstance3D" type="MeshInstance3D" parent="Walls/Visuals/BottomRow2" unique_id=1009880212]
transform = Transform3D(1, 0, 0, 0, 1, 0, 0, 0, 1, 21.95187, 1.2301438, 4.9852524)
mesh = SubResource("BoxMesh_5lyks")

[node name="MeshInstance3D2" type="MeshInstance3D" parent="Walls/Visuals/BottomRow2" unique_id=2058205748]
transform = Transform3D(0.9993908, 0, -0.03489949, 0, 1, 0, 0.03489949, 0, 0.9993908, 21.68363, 1.2301438, 14.653152)
mesh = SubResource("BoxMesh_5lyks")

[node name="MeshInstance3D3" type="MeshInstance3D" parent="Walls/Visuals/BottomRow2" unique_id=1053050731]
transform = Transform3D(0.9993908, 0, -0.03489949, 0, 1, 0, 0.03489949, 0, 0.9993908, 21.68363, 1.2301438, 23.282639)
mesh = SubResource("BoxMesh_5lyks")

[node name="MeshInstance3D4" type="MeshInstance3D" parent="Walls/Visuals/BottomRow2" unique_id=1380972390]
transform = Transform3D(0.9993908, 0, -0.03489949, 0, 1, 0, 0.03489949, 0, 0.9993908, 21.68363, 1.2301438, 31.404175)
mesh = SubResource("BoxMesh_5lyks")

[node name="MeshInstance3D5" type="MeshInstance3D" parent="Walls/Visuals/BottomRow2" unique_id=1430912544]
transform = Transform3D(0.9993908, 0, -0.03489949, 0, 1, 0, 0.03489949, 0, 0.9993908, 21.68363, 1.2301438, 39.528442)
mesh = SubResource("BoxMesh_5lyks")

[node name="MeshInstance3D6" type="MeshInstance3D" parent="Walls/Visuals/BottomRow2" unique_id=937753187]
transform = Transform3D(0.9993908, 0, -0.03489949, 0, 1, 0, 0.03489949, 0, 0.9993908, 21.68363, 1.2301438, 48.93153)
mesh = SubResource("BoxMesh_5lyks")

[node name="MeshInstance3D7" type="MeshInstance3D" parent="Walls/Visuals/BottomRow2" unique_id=1963952095]
transform = Transform3D(0.9993908, 0, -0.03489949, 0, 1, 0, 0.03489949, 0, 0.9993908, 21.68363, 1.2301438, 58.334618)
mesh = SubResource("BoxMesh_5lyks")

[node name="MeshInstance3D8" type="MeshInstance3D" parent="Walls/Visuals/BottomRow2" unique_id=135577234]
transform = Transform3D(0.9993908, 0, -0.03489949, 0, 1, 0, 0.03489949, 0, 0.9993908, 21.68363, 1.2301438, 68.11383)
mesh = SubResource("BoxMesh_5lyks")

[node name="MeshInstance3D9" type="MeshInstance3D" parent="Walls/Visuals/BottomRow2" unique_id=759185474]
transform = Transform3D(0.9993908, 0, -0.03489949, 0, 1, 0, 0.03489949, 0, 0.9993908, 21.68363, 1.2301438, 76.99034)
mesh = SubResource("BoxMesh_5lyks")

[node name="MeshInstance3D10" type="MeshInstance3D" parent="Walls/Visuals/BottomRow2" unique_id=469872546]
transform = Transform3D(0.9993908, 0, -0.03489949, 0, 1, 0, 0.03489949, 0, 0.9993908, 21.68363, 1.2301438, 86.0173)
mesh = SubResource("BoxMesh_5lyks")

[node name="MeshInstance3D11" type="MeshInstance3D" parent="Walls/Visuals/BottomRow2" unique_id=1717210854]
transform = Transform3D(0.9993908, 0, -0.03489949, 0, 1, 0, 0.03489949, 0, 0.9993908, 21.68363, 1.2301438, 95.19472)
mesh = SubResource("BoxMesh_5lyks")

[node name="TopRow2" type="Node3D" parent="Walls/Visuals" unique_id=2046064340]
transform = Transform3D(1, 0, 0, 0, 1, 0, 0, 0, 1, -43.59672, 4.8328247, 0)

[node name="MeshInstance3D" type="MeshInstance3D" parent="Walls/Visuals/TopRow2" unique_id=692131123]
transform = Transform3D(1, 0, 0, 0, 1, 0, 0, 0, 1, 21.95187, 1.2301438, 4.9852524)
mesh = SubResource("BoxMesh_5lyks")

[node name="MeshInstance3D2" type="MeshInstance3D" parent="Walls/Visuals/TopRow2" unique_id=2056267573]
transform = Transform3D(0.9993908, 0, -0.03489949, 0, 1, 0, 0.03489949, 0, 0.9993908, 21.68363, 1.2301438, 14.653152)
mesh = SubResource("BoxMesh_5lyks")

[node name="MeshInstance3D3" type="MeshInstance3D" parent="Walls/Visuals/TopRow2" unique_id=143068520]
transform = Transform3D(0.9993908, 0, -0.03489949, 0, 1, 0, 0.03489949, 0, 0.9993908, 21.68363, 1.2301438, 23.282639)
mesh = SubResource("BoxMesh_5lyks")

[node name="MeshInstance3D4" type="MeshInstance3D" parent="Walls/Visuals/TopRow2" unique_id=899313461]
transform = Transform3D(0.9993908, 0, -0.03489949, 0, 1, 0, 0.03489949, 0, 0.9993908, 21.68363, 1.2301438, 31.404175)
mesh = SubResource("BoxMesh_5lyks")

[node name="MeshInstance3D5" type="MeshInstance3D" parent="Walls/Visuals/TopRow2" unique_id=690226462]
transform = Transform3D(0.9993908, 0, -0.03489949, 0, 1, 0, 0.03489949, 0, 0.9993908, 21.68363, 1.2301438, 39.528442)
mesh = SubResource("BoxMesh_5lyks")

[node name="MeshInstance3D6" type="MeshInstance3D" parent="Walls/Visuals/TopRow2" unique_id=1479570205]
transform = Transform3D(0.9993908, 0, -0.03489949, 0, 1, 0, 0.03489949, 0, 0.9993908, 21.68363, 1.2301438, 48.93153)
mesh = SubResource("BoxMesh_5lyks")

[node name="MeshInstance3D7" type="MeshInstance3D" parent="Walls/Visuals/TopRow2" unique_id=1232228289]
transform = Transform3D(0.9993908, 0, -0.03489949, 0, 1, 0, 0.03489949, 0, 0.9993908, 21.68363, 1.2301438, 58.334618)
mesh = SubResource("BoxMesh_5lyks")

[node name="MeshInstance3D8" type="MeshInstance3D" parent="Walls/Visuals/TopRow2" unique_id=1998834173]
transform = Transform3D(0.9993908, 0, -0.03489949, 0, 1, 0, 0.03489949, 0, 0.9993908, 21.68363, 1.2301438, 68.11383)
mesh = SubResource("BoxMesh_5lyks")

[node name="MeshInstance3D9" type="MeshInstance3D" parent="Walls/Visuals/TopRow2" unique_id=982817999]
transform = Transform3D(0.9993908, 0, -0.03489949, 0, 1, 0, 0.03489949, 0, 0.9993908, 21.68363, 1.2301438, 76.99034)
mesh = SubResource("BoxMesh_5lyks")

[node name="MeshInstance3D10" type="MeshInstance3D" parent="Walls/Visuals/TopRow2" unique_id=882678379]
transform = Transform3D(0.9993908, 0, -0.03489949, 0, 1, 0, 0.03489949, 0, 0.9993908, 21.68363, 1.2301438, 86.0173)
mesh = SubResource("BoxMesh_5lyks")

[node name="MeshInstance3D11" type="MeshInstance3D" parent="Walls/Visuals/TopRow2" unique_id=1699277525]
transform = Transform3D(0.9993908, 0, -0.03489949, 0, 1, 0, 0.03489949, 0, 0.9993908, 21.68363, 1.2301438, 95.19472)
mesh = SubResource("BoxMesh_5lyks")

[node name="Hazards" type="Node3D" parent="." unique_id=525722459]

[node name="Hazard" parent="Hazards" unique_id=2005644604 instance=ExtResource("8_5ah1b")]
transform = Transform3D(0.96794194, 0, -0.2511741, 0, 1, 0, 0.2511741, 0, 0.96794194, -6.381755, 0, 50.672375)

[node name="Hazard3" parent="Hazards" unique_id=2115359037 instance=ExtResource("8_5ah1b")]
transform = Transform3D(0.89457583, 0, -0.44691616, 0, 1, 0, 0.44691616, 0, 0.89457583, -16.28458, 0, 51.57189)

[node name="Hazard2" parent="Hazards" unique_id=1354580023 instance=ExtResource("8_5ah1b")]
transform = Transform3D(1, 0, 0, 0, 1, 0, 0, 0, 1, 1.6315641, 0, 62.10741)

[node name="Hazard" parent="." unique_id=335900880 instance=ExtResource("8_5ah1b")]
transform = Transform3D(1, 0, 0, 0, 1, 0, 0, 0, 1, -5.6685276, -1.7881393e-06, 97.26152)

[node name="Hazard2" parent="." unique_id=2090595120 instance=ExtResource("8_5ah1b")]
transform = Transform3D(0.8887613, 0, 0.45837036, 0, 1, 0, -0.45837036, 0, 0.8887613, 9.863972, 1.1920929e-07, 48.404297)
