[gd_scene format=3 uid="uid://d6e5rvqen0x8"]

[ext_resource type="Script" uid="uid://cdyb3e527o21c" path="res://scripts/game/world/world_chunk.gd" id="1_bc28r"]
[ext_resource type="Material" uid="uid://bm8m6alb8sopa" path="res://assets/materials/dark_prototype_standard_material_3d.tres" id="2_b6lxx"]
[ext_resource type="Material" uid="uid://ur4seutk5yxh" path="res://assets/materials/light_prototype_standard_material_3d.tres" id="3_b6lxx"]
[ext_resource type="Material" uid="uid://b1ipw83su5c5l" path="res://assets/materials/blue_prototype_standard_material_3d.tres" id="4_lhx27"]
[ext_resource type="PackedScene" uid="uid://bwgxt54l16hla" path="res://scenes/world/props/prop_tree_xlarge.tscn" id="5_klww3"]
[ext_resource type="PackedScene" uid="uid://re0lxd3ugc3w" path="res://scenes/world/props/prop_fence_large.tscn" id="6_3usxo"]
[ext_resource type="PackedScene" uid="uid://8ysbmp866oaa" path="res://scenes/world/props/prop_tree_large.tscn" id="7_nq3yb"]

[node name="WorldChunk1" type="Node3D" unique_id=1727605181 node_paths=PackedStringArray("end_connection")]
script = ExtResource("1_bc28r")
end_connection = NodePath("EndConnection")

[node name="EndConnection" type="Node3D" parent="." unique_id=152081666]
transform = Transform3D(1, 0, 0, 0, 1, 0, 0, 0, 1, 0, -8.412003, 46.83131)

[node name="Terrain" type="CSGCombiner3D" parent="." unique_id=762513538]
transform = Transform3D(1, 0, 0, 0, 0.99999994, 0, 0, 0, 0.99999994, 0, 0, 0)
use_collision = true
collision_layer = 2
collision_mask = 261

[node name="CSGBox3D" type="CSGBox3D" parent="Terrain" unique_id=429855115]
transform = Transform3D(1, 0, 0, 0, 1, 1.4901161e-08, 0, -1.4901161e-08, 1, 0, -0.40123427, 9.929253)
size = Vector3(40, 1, 20)
material = ExtResource("2_b6lxx")

[node name="CSGBox3D2" type="CSGBox3D" parent="Terrain" unique_id=570708221]
transform = Transform3D(1, 0, 0, 0, 0.99997365, 0.0071213646, 0, -0.0071213646, 0.99997365, -11.372711, -1.9999987, 24.999994)
size = Vector3(17.013245, 1, 15)
material = ExtResource("2_b6lxx")

[node name="CSGBox3D4" type="CSGBox3D" parent="Terrain" unique_id=110845089]
transform = Transform3D(1, 0, 0, 0, 0.9999974, 4.7683517e-07, 0, -4.7683517e-07, 0.9999974, 11.318447, -1.9999986, 24.999992)
size = Vector3(18.586426, 1, 15)
material = ExtResource("2_b6lxx")

[node name="CSGBox3D5" type="CSGBox3D" parent="Terrain" unique_id=231651260]
transform = Transform3D(1, 0, 0, 0, 1.0000031, 4.917383e-07, 0, -4.917383e-07, 1.0000031, -0.46332645, -3.1445754, 24.798185)
size = Vector3(7.9067383, 1, 15)
material = ExtResource("2_b6lxx")

[node name="CSGBox3D3" type="CSGBox3D" parent="Terrain" unique_id=82635682]
transform = Transform3D(1, 0, 0, 0, 1, 1.4901161e-08, 0, -1.4901161e-08, 1, 0, -7.8762646, 39.316517)
size = Vector3(40, 1, 15)
material = ExtResource("2_b6lxx")

[node name="CSGBox3D6" type="CSGBox3D" parent="Terrain" unique_id=1772910990]
transform = Transform3D(0.85865766, -0.022159798, -0.51206017, 0.049745243, 0.9979308, 0.04022656, 0.5101297, -0.06001341, 0.85798305, -18.01959, 5.162549, 21.00274)
cast_shadow = 0
size = Vector3(4.411743, 12.066467, 6.116699)
material = ExtResource("3_b6lxx")

[node name="CSGBox3D7" type="CSGBox3D" parent="Terrain" unique_id=481487556]
transform = Transform3D(0.98552644, 0.011293656, -0.16914138, 3.100581e-09, 0.9977578, 0.0666208, 0.16952133, -0.065656565, 0.9833168, -18.634151, 3.2766669, 30.159267)
cast_shadow = 0
size = Vector3(4.411743, 12.066467, 6.116699)
material = ExtResource("3_b6lxx")

[node name="CSGBox3D9" type="CSGBox3D" parent="Terrain" unique_id=734401188]
transform = Transform3D(0.9720232, -0.1939991, -0.13241076, 0.20088935, 0.978747, 0.040662885, 0.121712945, -0.066125184, 0.9903373, -21.005062, 6.878684, 30.231197)
cast_shadow = 0
size = Vector3(4.411743, 7.6250305, 6.116699)
material = ExtResource("3_b6lxx")

[node name="CSGBox3D21" type="CSGBox3D" parent="Terrain" unique_id=304209634]
transform = Transform3D(0.978968, -0.19907251, -0.04460139, 0.20088533, 0.9787309, 0.040661875, 0.03555674, -0.048765678, 0.998138, -21.9878, -1.4087672, 39.709507)
cast_shadow = 0
size = Vector3(4.411743, 13.934334, 13.455811)
material = ExtResource("3_b6lxx")

[node name="CSGBox3D22" type="CSGBox3D" parent="Terrain" unique_id=165749787]
transform = Transform3D(-0.9778288, 0.2051087, 0.042180024, 0.20504174, 0.9786951, -0.005974367, -0.042505734, 0.002806006, -0.999053, 21.649849, -1.4087664, 39.34236)
cast_shadow = 0
size = Vector3(4.411743, 13.934334, 13.455811)
material = ExtResource("3_b6lxx")

[node name="CSGBox3D10" type="CSGBox3D" parent="Terrain" unique_id=1295679105]
transform = Transform3D(0.8679446, -0.06067086, 0.492929, 0.08769536, 0.9956145, -0.031863622, -0.48885694, 0.07088346, 0.86945957, -20.269337, 11.097757, 22.92865)
cast_shadow = 0
size = Vector3(4.411743, 7.6250305, 6.116699)
material = ExtResource("3_b6lxx")

[node name="CSGBox3D11" type="CSGBox3D" parent="Terrain" unique_id=906546902]
transform = Transform3D(0.84837174, -0.19457617, 0.49233252, 0.20088723, 0.9787386, 0.040662363, -0.48979518, 0.064405985, 0.8694223, -21.596931, 5.711803, 17.51003)
cast_shadow = 0
size = Vector3(4.411743, 12.850479, 6.116699)
material = ExtResource("3_b6lxx")

[node name="CSGBox3D18" type="CSGBox3D" parent="Terrain" unique_id=1107636743]
transform = Transform3D(0.9790252, -0.20202473, 0.026168827, 0.20088653, 0.97873586, 0.04066219, -0.033817943, -0.034554824, 0.99879724, -22.808609, 4.9382377, 7.125187)
cast_shadow = 0
size = Vector3(4.411743, 12.850479, 16.198486)
material = ExtResource("3_b6lxx")

[node name="CSGBox3D8" type="CSGBox3D" parent="Terrain" unique_id=734546352]
transform = Transform3D(0.9872697, -0.010596321, 0.1586976, 3.9986565e-09, 0.9977578, 0.0666208, -0.15905422, -0.065772705, 0.9850562, -18.408388, 3.276667, 25.491442)
cast_shadow = 0
size = Vector3(4.411743, 12.066467, 6.116699)
material = ExtResource("3_b6lxx")

[node name="CSGBox3D12" type="CSGBox3D" parent="Terrain" unique_id=1418888334]
transform = Transform3D(-0.39031363, -0.061336596, 0.91861796, -1.9545274e-09, 0.9977576, 0.066620775, -0.92068166, 0.02600298, -0.38943806, 19.362413, 3.585617, 26.02398)
cast_shadow = 0
size = Vector3(4.411743, 12.066467, 6.116699)
material = ExtResource("3_b6lxx")

[node name="CSGBox3D13" type="CSGBox3D" parent="Terrain" unique_id=2124241119]
transform = Transform3D(-0.69328874, -0.048010945, 0.71904397, 8.771167e-09, 0.9977574, 0.06662074, -0.7206594, 0.046187434, -0.6917339, 24.647512, 3.5856159, 19.704817)
cast_shadow = 0
size = Vector3(4.411743, 12.066467, 6.116699)
material = ExtResource("3_b6lxx")

[node name="CSGBox3D19" type="CSGBox3D" parent="Terrain" unique_id=1311173615]
transform = Transform3D(-0.9992429, -0.002591154, 0.038806584, 3.865195e-09, 0.9977515, 0.06662, -0.03889229, 0.06656966, -0.9969966, 21.683964, 2.5368938, 10.564228)
cast_shadow = 0
size = Vector3(4.411743, 12.066467, 21.68332)
material = ExtResource("3_b6lxx")

[node name="CSGBox3D14" type="CSGBox3D" parent="Terrain" unique_id=1516153149]
transform = Transform3D(-0.6773515, 0.1087942, 0.72755396, 0.20088926, 0.9787468, 0.040662885, -0.7076989, 0.17370084, -0.6848109, 26.278337, 11.406704, 20.841745)
cast_shadow = 0
size = Vector3(4.411743, 7.6250305, 6.116699)
material = ExtResource("3_b6lxx")

[node name="CSGBox3D15" type="CSGBox3D" parent="Terrain" unique_id=752055307]
transform = Transform3D(-0.9736049, 0.19489007, 0.11877829, 0.20088919, 0.97874653, 0.040662874, -0.10833357, 0.0634509, -0.9920642, 21.678925, 11.406702, 26.497692)
cast_shadow = 0
size = Vector3(4.411743, 7.6250305, 6.116699)
material = ExtResource("3_b6lxx")

[node name="CSGBox3D16" type="CSGBox3D" parent="Terrain" unique_id=419340124]
transform = Transform3D(-0.9735996, 0.19488944, 0.11877308, 0.20088711, 0.97873807, 0.04066232, -0.1083401, 0.063451685, -0.99205774, 19.53657, 2.2050505, 31.648829)
cast_shadow = 0
size = Vector3(4.411743, 12.850479, 6.116699)
material = ExtResource("3_b6lxx")

[node name="CSGBox3D17" type="CSGBox3D" parent="Terrain" unique_id=363910565]
transform = Transform3D(-0.88944054, -0.030449126, 0.45602652, 3.3374628e-09, 0.9977574, 0.06662075, -0.45705107, 0.059255213, -0.88744587, 21.699047, 3.585616, 23.330576)
cast_shadow = 0
size = Vector3(4.411743, 12.066467, 6.116699)
material = ExtResource("3_b6lxx")

[node name="CSGBox3D20" type="CSGBox3D" parent="Terrain" unique_id=508850318]
transform = Transform3D(1, 0, 0, 0, 0.99998516, 0, 0, 0, 0.99998516, -0.87042236, -2.2937915, 26.385395)
cast_shadow = 0
calculate_tangents = false
size = Vector3(7.5306396, 1, 12.192871)
material = ExtResource("4_lhx27")

[node name="Fence" parent="Terrain" unique_id=669286810 instance=ExtResource("6_3usxo")]
transform = Transform3D(1, 0, 0, 0, 1, 0, 0, 0, 0.99999994, 9.177488, 0.099840425, 19.727451)

[node name="Fence2" parent="Terrain" unique_id=1367148123 instance=ExtResource("6_3usxo")]
transform = Transform3D(1, 0, 0, 0, 1, 0, 0, 0, 0.99999994, 6.9589324, 0.09984138, 19.632816)

[node name="Fence3" parent="Terrain" unique_id=1518148054 instance=ExtResource("6_3usxo")]
transform = Transform3D(1, 0, 0, 0, 1.0000001, 0, 0, 0, 1, 4.833353, 0.09984043, 19.683193)

[node name="Fence4" parent="Terrain" unique_id=604906451 instance=ExtResource("6_3usxo")]
transform = Transform3D(1, 0, 0, 0, 1.0000001, 0, 0, 0, 1, 2.7132475, 0.09984091, 19.65715)

[node name="Fence5" parent="Terrain" unique_id=578869910 instance=ExtResource("6_3usxo")]
transform = Transform3D(1, 0, 0, 0, 1.0000001, 0, 0, 0, 1, 0.55893755, 0.09984043, 19.755007)

[node name="Fence6" parent="Terrain" unique_id=998892840 instance=ExtResource("6_3usxo")]
transform = Transform3D(1, 0, 0, 0, 1.0000001, 0, 0, 0, 1, -1.6175873, 0.09984043, 19.721155)

[node name="Fence7" parent="Terrain" unique_id=119332839 instance=ExtResource("6_3usxo")]
transform = Transform3D(1, 0, 0, 0, 1.0000001, 0, 0, 0, 1, -3.712776, 0.09984091, 19.617722)

[node name="Fence8" parent="Terrain" unique_id=1821952746 instance=ExtResource("6_3usxo")]
transform = Transform3D(1, 0, 0, 0, 1.0000001, 0, 0, 0, 1, -5.850297, 0.09984091, 19.610287)

[node name="Fence9" parent="Terrain" unique_id=331187744 instance=ExtResource("6_3usxo")]
transform = Transform3D(1, 0, 0, 0, 1.0000001, 0, 0, 0, 1, -7.9712753, 0.09984043, 19.609798)

[node name="Fence10" parent="Terrain" unique_id=1433240853 instance=ExtResource("6_3usxo")]
transform = Transform3D(1, 0, 0, 0, 1.0000001, 0, 0, 0, 1, -10.153233, 0.09984043, 19.592144)

[node name="Fence" parent="." unique_id=181777311 instance=ExtResource("6_3usxo")]
transform = Transform3D(1, 0, 0, 0, 1.0000001, 0, 0, 0, 1, -12.488759, 0.09984043, 19.711115)

[node name="Fence2" parent="." unique_id=477521942 instance=ExtResource("6_3usxo")]
transform = Transform3D(1, 0, 0, 0, 1.0000001, 0, 0, 0, 1, 11.359766, 0.09983948, 19.621433)

[node name="Fence3" parent="." unique_id=1928242132 instance=ExtResource("6_3usxo")]
transform = Transform3D(1, 0, 0, 0, 1.0000001, 0, 0, 0, 1, 13.605138, 0.099841386, 19.538082)

[node name="Fence4" parent="." unique_id=1445838799 instance=ExtResource("6_3usxo")]
transform = Transform3D(1, 0, 0, 0, 1.0000001, 0, 0, 0, 1, 15.962943, 0.099841386, 19.561684)

[node name="Tree" parent="." unique_id=2098814127 instance=ExtResource("5_klww3")]
transform = Transform3D(1, 0, 0, 0, 1.0000001, 0, 0, 0, 1, 9.578055, 0.17376637, 16.413288)

[node name="Tree3" parent="." unique_id=2054411505 instance=ExtResource("5_klww3")]
transform = Transform3D(1, 0, 0, 0, 1.0000001, 0, 0, 0, 1, 13.589323, 0.17376637, 13.803328)

[node name="Tree5" parent="." unique_id=911113623 instance=ExtResource("5_klww3")]
transform = Transform3D(1, 0, 0, 0, 1.0000001, 0, 0, 0, 1, -12.256424, 0.17376637, 17.678358)

[node name="Tree7" parent="." unique_id=1349833183 instance=ExtResource("5_klww3")]
transform = Transform3D(1, 0, 0, 0, 1.0000001, 0, 0, 0, 1, -10.449136, 0.17376637, 14.532379)

[node name="Tree8" parent="." unique_id=508799386 instance=ExtResource("7_nq3yb")]
transform = Transform3D(1, 0, 0, 0, 1.0000001, 0, 0, 0, 1, -10.504893, 0.09876442, 16.844564)

[node name="Tree9" parent="." unique_id=542977964 instance=ExtResource("7_nq3yb")]
transform = Transform3D(1, 0, 0, 0, 1.0000001, 0, 0, 0, 1, -11.324804, 0.098768234, 12.615557)

[node name="Tree10" parent="." unique_id=1673994605 instance=ExtResource("7_nq3yb")]
transform = Transform3D(1, 0, 0, 0, 1.0000001, 0, 0, 0, 1, -14.018235, 0.09876633, 15.561306)

[node name="Tree11" parent="." unique_id=797793954 instance=ExtResource("5_klww3")]
transform = Transform3D(1, 0, 0, 0, 1.0000001, 0, 0, 0, 1, -14.677198, 0.17376637, 12.943328)

[node name="Tree15" parent="." unique_id=912064504 instance=ExtResource("7_nq3yb")]
transform = Transform3D(1, 0, 0, 0, 1.0000001, 0, 0, 0, 1, 13.93634, 0.09876633, 2.928586)

[node name="Tree16" parent="." unique_id=9548166 instance=ExtResource("7_nq3yb")]
transform = Transform3D(1, 0, 0, 0, 1.0000001, 0, 0, 0, 1, -9.673106, 0.09876633, 2.2821994)

[node name="Tree17" parent="." unique_id=136627251 instance=ExtResource("7_nq3yb")]
transform = Transform3D(1, 0, 0, 0, 1.0000001, 0, 0, 0, 1, -12.101511, 0.09876633, 5.3327494)

[node name="Tree19" parent="." unique_id=575066483 instance=ExtResource("5_klww3")]
transform = Transform3D(1, 0, 0, 0, 1.0000001, 0, 0, 0, 1, -13.600249, 0.17376637, 1.2708664)

[node name="Tree20" parent="." unique_id=1217396390 instance=ExtResource("5_klww3")]
transform = Transform3D(1, 0, 0, 0, 1.0000001, 0, 0, 0, 1, 12.380615, 0.17376637, 1.6882925)

[node name="Tree21" parent="." unique_id=2132674957 instance=ExtResource("7_nq3yb")]
transform = Transform3D(1, 0, 0, 0, 1.0000001, 0, 0, 0, 1, 9.774606, 0.09876251, 13.089011)

[node name="Fence5" parent="." unique_id=876455896 instance=ExtResource("6_3usxo")]
transform = Transform3D(1, 0, 0, 0, 1.0000001, 0, 0, 0, 1, 14.285804, -1.4989269, 31.73505)

[node name="Fence6" parent="." unique_id=1709832231 instance=ExtResource("6_3usxo")]
transform = Transform3D(1, 0, 0, 0, 1.0000001, 0, 0, 0, 1, 11.703616, -1.4989269, 31.611094)

[node name="Fence7" parent="." unique_id=2003756661 instance=ExtResource("6_3usxo")]
transform = Transform3D(1, 0, 0, 0, 1.0000001, 0, 0, 0, 1, 9.43976, -1.4989269, 31.667831)

[node name="Fence8" parent="." unique_id=1068512084 instance=ExtResource("6_3usxo")]
transform = Transform3D(1, 0, 0, 0, 1.0000001, 0, 0, 0, 1, 3.143707, -1.4989277, 31.986979)

[node name="Fence9" parent="." unique_id=203493620 instance=ExtResource("6_3usxo")]
transform = Transform3D(1, 0, 0, 0, 1.0000001, 0, 0, 0, 1, 5.496853, -1.4989258, 31.89108)

[node name="Fence10" parent="." unique_id=86220154 instance=ExtResource("6_3usxo")]
transform = Transform3D(1, 0, 0, 0, 1.0000001, 0, 0, 0, 1, -4.1873603, -1.4498869, 31.834682)

[node name="Fence11" parent="." unique_id=440913516 instance=ExtResource("6_3usxo")]
transform = Transform3D(1, 0, 0, 0, 1.0000001, 0, 0, 0, 1, -6.4346056, -1.4508598, 31.698057)

[node name="Fence12" parent="." unique_id=2040837 instance=ExtResource("6_3usxo")]
transform = Transform3D(1, 0, 0, 0, 1.0000001, 0, 0, 0, 1, -8.728221, -1.450674, 31.72406)

[node name="Fence13" parent="." unique_id=987896555 instance=ExtResource("6_3usxo")]
transform = Transform3D(1, 0, 0, 0, 1.0000001, 0, 0, 0, 1, -11.017082, -1.4510716, 31.668081)

[node name="Fence14" parent="." unique_id=1848281663 instance=ExtResource("6_3usxo")]
transform = Transform3D(1, 0, 0, 0, 1.0000001, 0, 0, 0, 1, -13.213806, -1.4514186, 31.619442)

[node name="Fence15" parent="." unique_id=894237071 instance=ExtResource("6_3usxo")]
transform = Transform3D(1, 0, 0, 0, 1.0000001, 0, 0, 0, 1, -15.43052, -1.4516743, 31.583597)

[node name="Tree22" parent="." unique_id=1109788911 instance=ExtResource("7_nq3yb")]
transform = Transform3D(1, 0, 0, 0, 1.0000001, 0, 0, 0, 1, 14.186956, -1.500001, 28.03991)

[node name="Tree23" parent="." unique_id=767164437 instance=ExtResource("7_nq3yb")]
transform = Transform3D(1, 0, 0, 0, 1.0000001, 0, 0, 0, 1, -15.084629, -1.4661189, 29.656328)

[node name="Tree24" parent="." unique_id=1004569682 instance=ExtResource("7_nq3yb")]
transform = Transform3D(1, 0, 0, 0, 1.0000001, 0, 0, 0, 1, -13.551635, -1.5031099, 24.461668)

[node name="Tree25" parent="." unique_id=163763919 instance=ExtResource("7_nq3yb")]
transform = Transform3D(1, 0, 0, 0, 1.0000001, 0, 0, 0, 1, 16.563162, -1.5000029, 22.6689)

[node name="Tree26" parent="." unique_id=170740553 instance=ExtResource("5_klww3")]
transform = Transform3D(1, 0, 0, 0, 1.0000001, 0, 0, 0, 1, -12.679777, -1.4087504, 27.180262)

[node name="Tree27" parent="." unique_id=1992150662 instance=ExtResource("7_nq3yb")]
transform = Transform3D(0.9998818, 1.2206918e-05, 0.01537574, -1.2220047e-05, 1.0000001, 7.602246e-07, -0.01537574, -9.47999e-07, 0.9998818, 12.477882, 0, 16.857416)

[node name="Tree28" parent="." unique_id=960719165 instance=ExtResource("5_klww3")]
transform = Transform3D(1, 0, 0, 0, 1.0000001, 0, 0, 0, 1, -14.306493, 0, 3.1109676)

[node name="Tree2" parent="." unique_id=841671413 instance=ExtResource("7_nq3yb")]
transform = Transform3D(1, 0, 0, 0, 1.0000001, 0, 0, 0, 1, -6.860664, -7.376259, 44.22445)

[node name="Tree4" parent="." unique_id=1587857001 instance=ExtResource("7_nq3yb")]
transform = Transform3D(1, 0, 0, 0, 1.0000001, 0, 0, 0, 1, -5.2117496, -7.376259, 41.69546)

[node name="Tree6" parent="." unique_id=2088586953 instance=ExtResource("7_nq3yb")]
transform = Transform3D(1, 0, 0, 0, 1.0000001, 0, 0, 0, 1, -7.883933, -7.376259, 41.349976)

[node name="Tree12" parent="." unique_id=1879501003 instance=ExtResource("7_nq3yb")]
transform = Transform3D(1, 0, 0, 0, 1.0000001, 0, 0, 0, 1, 9.848768, -7.376259, 44.865154)

[node name="Tree13" parent="." unique_id=899857673 instance=ExtResource("7_nq3yb")]
transform = Transform3D(1, 0, 0, 0, 1.0000001, 0, 0, 0, 1, 7.794281, -7.376259, 43.175156)
