[gd_scene format=3 uid="uid://d6e5rvqen0x8"]

[ext_resource type="Script" uid="uid://cdyb3e527o21c" path="res://scripts/game/world/world_chunk.gd" id="1_bc28r"]
[ext_resource type="Material" uid="uid://bm8m6alb8sopa" path="res://assets/materials/dark_prototype_standard_material_3d.tres" id="2_b6lxx"]
[ext_resource type="Material" uid="uid://ur4seutk5yxh" path="res://assets/materials/light_prototype_standard_material_3d.tres" id="3_b6lxx"]
[ext_resource type="Material" uid="uid://b1ipw83su5c5l" path="res://assets/materials/blue_prototype_standard_material_3d.tres" id="4_lhx27"]
[ext_resource type="PackedScene" uid="uid://bwgxt54l16hla" path="res://scenes/world/props/prop_tree_xlarge.tscn" id="5_klww3"]
[ext_resource type="PackedScene" uid="uid://re0lxd3ugc3w" path="res://scenes/world/props/prop_fence_large.tscn" id="6_3usxo"]
[ext_resource type="PackedScene" uid="uid://8ysbmp866oaa" path="res://scenes/world/props/prop_tree_large.tscn" id="7_nq3yb"]

[node name="WorldChunk1" type="Node3D" unique_id=1727605181 node_paths=PackedStringArray("end_connection")]
script = ExtResource("1_bc28r")
end_connection = NodePath("EndConnection")

[node name="EndConnection" type="Node3D" parent="." unique_id=152081666]
transform = Transform3D(1, 0, 0, 0, 1, 0, 0, 0, 1, 0, -8.412003, 46.83131)

[node name="Terrain" type="CSGCombiner3D" parent="." unique_id=762513538]
transform = Transform3D(1, 0, 0, 0, 0.99999994, 0, 0, 0, 0.99999994, 0, 0, 0)
use_collision = true
collision_layer = 2
collision_mask = 5

[node name="CSGBox3D" type="CSGBox3D" parent="Terrain" unique_id=429855115]
transform = Transform3D(1, 0, 0, 0, 1, 1.4901161e-08, 0, -1.4901161e-08, 1, 0, -0.40123427, 9.929253)
size = Vector3(50, 1, 20)
material = ExtResource("2_b6lxx")

[node name="CSGBox3D2" type="CSGBox3D" parent="Terrain" unique_id=570708221]
transform = Transform3D(1, 0, 0, 0, 0.99997365, 0.0071213646, 0, -0.0071213646, 0.99997365, -11.372711, -1.9999987, 24.999994)
size = Vector3(17.013245, 1, 15)
material = ExtResource("2_b6lxx")

[node name="CSGBox3D4" type="CSGBox3D" parent="Terrain" unique_id=110845089]
transform = Transform3D(1, 0, 0, 0, 0.9999974, 4.7683517e-07, 0, -4.7683517e-07, 0.9999974, 11.318447, -1.9999986, 24.999992)
size = Vector3(18.586426, 1, 15)
material = ExtResource("2_b6lxx")

[node name="CSGBox3D5" type="CSGBox3D" parent="Terrain" unique_id=231651260]
transform = Transform3D(1, 0, 0, 0, 1.0000031, 4.917383e-07, 0, -4.917383e-07, 1.0000031, -0.46332645, -3.1445754, 24.798185)
size = Vector3(7.9067383, 1, 15)
material = ExtResource("2_b6lxx")

[node name="CSGBox3D3" type="CSGBox3D" parent="Terrain" unique_id=82635682]
transform = Transform3D(1, 0, 0, 0, 1, 1.4901161e-08, 0, -1.4901161e-08, 1, 0, -7.8762646, 39.316517)
size = Vector3(50, 1, 15)
material = ExtResource("2_b6lxx")

[node name="CSGBox3D6" type="CSGBox3D" parent="Terrain" unique_id=1772910990]
transform = Transform3D(0.8822991, -0.025033137, -0.47001368, 0.049745247, 0.9979309, 0.04022656, 0.46805286, -0.05887282, 0.8817187, -21.21976, 5.16255, 20.90884)
size = Vector3(4.411743, 12.066467, 6.116699)
material = ExtResource("3_b6lxx")

[node name="CSGBox3D7" type="CSGBox3D" parent="Terrain" unique_id=481487556]
transform = Transform3D(0.9925652, 0.008108644, -0.121440485, 2.1761828e-09, 0.99775785, 0.066620804, 0.12171326, -0.06612551, 0.9903399, -21.391258, 3.2766674, 30.084366)
size = Vector3(4.411743, 12.066467, 6.116699)
material = ExtResource("3_b6lxx")

[node name="CSGBox3D9" type="CSGBox3D" parent="Terrain" unique_id=734401188]
transform = Transform3D(0.9720232, -0.1939991, -0.13241076, 0.20088938, 0.9787471, 0.040662892, 0.12171296, -0.0661252, 0.99033743, -23.373842, 11.097762, 30.231201)
size = Vector3(4.411743, 7.6250305, 6.116699)
material = ExtResource("3_b6lxx")

[node name="CSGBox3D10" type="CSGBox3D" parent="Terrain" unique_id=1295679105]
transform = Transform3D(0.8433149, -0.057175692, 0.53435653, 0.087695375, 0.9956147, -0.03186363, -0.53021616, 0.0737317, 0.84463143, -23.373842, 11.097759, 22.941183)
size = Vector3(4.411743, 7.6250305, 6.116699)
material = ExtResource("3_b6lxx")

[node name="CSGBox3D11" type="CSGBox3D" parent="Terrain" unique_id=906546902]
transform = Transform3D(0.8237195, -0.1912376, 0.533759, 0.20088725, 0.97873867, 0.040662367, -0.53020775, 0.07373066, 0.844623, -24.961655, 5.711804, 17.593027)
size = Vector3(4.411743, 12.850479, 6.116699)
material = ExtResource("3_b6lxx")

[node name="CSGBox3D18" type="CSGBox3D" parent="Terrain" unique_id=1107636743]
transform = Transform3D(0.9762484, -0.20345816, 0.07438955, 0.20088656, 0.9787359, 0.040662196, -0.08107456, -0.024754805, 0.9963671, -26.673605, 4.9382386, 7.27884)
size = Vector3(4.411743, 12.850479, 16.198486)
material = ExtResource("3_b6lxx")

[node name="CSGBox3D8" type="CSGBox3D" parent="Terrain" unique_id=734546352]
transform = Transform3D(0.9784333, -0.013761386, 0.20609975, 1.5484064e-09, 0.997758, 0.06662082, -0.20656292, -0.065184034, 0.9762397, -21.391258, 3.2766676, 25.411083)
size = Vector3(4.411743, 12.066467, 6.116699)
material = ExtResource("3_b6lxx")

[node name="CSGBox3D12" type="CSGBox3D" parent="Terrain" unique_id=1418888334]
transform = Transform3D(-0.39031363, -0.061336596, 0.91861796, -1.9545274e-09, 0.9977576, 0.066620775, -0.92068166, 0.02600298, -0.38943806, 19.362413, 3.585617, 26.02398)
size = Vector3(4.411743, 12.066467, 6.116699)
material = ExtResource("3_b6lxx")

[node name="CSGBox3D13" type="CSGBox3D" parent="Terrain" unique_id=2124241119]
transform = Transform3D(-0.69328874, -0.048010945, 0.71904397, 8.771167e-09, 0.9977574, 0.06662074, -0.7206594, 0.046187434, -0.6917339, 24.647512, 3.5856159, 19.704817)
size = Vector3(4.411743, 12.066467, 6.116699)
material = ExtResource("3_b6lxx")

[node name="CSGBox3D19" type="CSGBox3D" parent="Terrain" unique_id=1311173615]
transform = Transform3D(-0.99512255, -0.006571643, 0.098421216, 3.4018224e-09, 0.9977539, 0.0666203, -0.09864125, 0.06629546, -0.99288785, 24.316957, 2.5944955, 9.702219)
size = Vector3(4.411743, 12.066467, 23.412537)
material = ExtResource("3_b6lxx")

[node name="CSGBox3D14" type="CSGBox3D" parent="Terrain" unique_id=1516153149]
transform = Transform3D(-0.6773515, 0.1087942, 0.72755396, 0.20088926, 0.9787468, 0.040662885, -0.7076989, 0.17370084, -0.6848109, 26.278337, 11.406704, 20.841745)
size = Vector3(4.411743, 7.6250305, 6.116699)
material = ExtResource("3_b6lxx")

[node name="CSGBox3D15" type="CSGBox3D" parent="Terrain" unique_id=752055307]
transform = Transform3D(-0.9736049, 0.19489007, 0.11877829, 0.20088919, 0.97874653, 0.040662874, -0.10833357, 0.0634509, -0.9920642, 21.678925, 11.406702, 26.497692)
size = Vector3(4.411743, 7.6250305, 6.116699)
material = ExtResource("3_b6lxx")

[node name="CSGBox3D16" type="CSGBox3D" parent="Terrain" unique_id=419340124]
transform = Transform3D(-0.9735996, 0.19488944, 0.11877308, 0.20088711, 0.97873807, 0.04066232, -0.1083401, 0.063451685, -0.99205774, 19.53657, 2.2050505, 31.648829)
size = Vector3(4.411743, 12.850479, 6.116699)
material = ExtResource("3_b6lxx")

[node name="CSGBox3D17" type="CSGBox3D" parent="Terrain" unique_id=363910565]
transform = Transform3D(-0.88944054, -0.030449126, 0.45602652, 3.3374628e-09, 0.9977574, 0.06662075, -0.45705107, 0.059255213, -0.88744587, 21.699047, 3.585616, 23.330576)
size = Vector3(4.411743, 12.066467, 6.116699)
material = ExtResource("3_b6lxx")

[node name="CSGBox3D20" type="CSGBox3D" parent="Terrain" unique_id=508850318]
transform = Transform3D(1, 0, 0, 0, 0.99998516, 0, 0, 0, 0.99998516, -0.87042236, -2.2937915, 26.385395)
cast_shadow = 0
calculate_tangents = false
size = Vector3(7.5306396, 1, 12.192871)
material = ExtResource("4_lhx27")

[node name="Tree" parent="Terrain" unique_id=841671413 instance=ExtResource("5_klww3")]
transform = Transform3D(1, 0, 0, 0, 1, 0, 0, 0, 0.99999994, 17.596148, 0.17376827, 16.497469)

[node name="Fence" parent="Terrain" unique_id=669286810 instance=ExtResource("6_3usxo")]
transform = Transform3D(1, 0, 0, 0, 1, 0, 0, 0, 0.99999994, 9.177488, 0.099840425, 19.727451)

[node name="Fence2" parent="Terrain" unique_id=1367148123 instance=ExtResource("6_3usxo")]
transform = Transform3D(1, 0, 0, 0, 1, 0, 0, 0, 0.99999994, 6.9589324, 0.09984138, 19.632816)

[node name="Fence3" parent="Terrain" unique_id=1518148054 instance=ExtResource("6_3usxo")]
transform = Transform3D(1, 0, 0, 0, 1.0000001, 0, 0, 0, 1, 4.833353, 0.09984043, 19.683193)

[node name="Fence4" parent="Terrain" unique_id=604906451 instance=ExtResource("6_3usxo")]
transform = Transform3D(1, 0, 0, 0, 1.0000001, 0, 0, 0, 1, 2.7132475, 0.09984091, 19.65715)

[node name="Fence5" parent="Terrain" unique_id=578869910 instance=ExtResource("6_3usxo")]
transform = Transform3D(1, 0, 0, 0, 1.0000001, 0, 0, 0, 1, 0.55893755, 0.09984043, 19.755007)

[node name="Fence6" parent="Terrain" unique_id=998892840 instance=ExtResource("6_3usxo")]
transform = Transform3D(1, 0, 0, 0, 1.0000001, 0, 0, 0, 1, -1.6175873, 0.09984043, 19.721155)

[node name="Fence7" parent="Terrain" unique_id=119332839 instance=ExtResource("6_3usxo")]
transform = Transform3D(1, 0, 0, 0, 1.0000001, 0, 0, 0, 1, -3.712776, 0.09984091, 19.617722)

[node name="Fence8" parent="Terrain" unique_id=1821952746 instance=ExtResource("6_3usxo")]
transform = Transform3D(1, 0, 0, 0, 1.0000001, 0, 0, 0, 1, -5.850297, 0.09984091, 19.610287)

[node name="Fence9" parent="Terrain" unique_id=331187744 instance=ExtResource("6_3usxo")]
transform = Transform3D(1, 0, 0, 0, 1.0000001, 0, 0, 0, 1, -7.9712753, 0.09984043, 19.609798)

[node name="Fence10" parent="Terrain" unique_id=1433240853 instance=ExtResource("6_3usxo")]
transform = Transform3D(1, 0, 0, 0, 1.0000001, 0, 0, 0, 1, -10.153233, 0.09984043, 19.592144)

[node name="Fence" parent="." unique_id=181777311 instance=ExtResource("6_3usxo")]
transform = Transform3D(1, 0, 0, 0, 1.0000001, 0, 0, 0, 1, -12.488759, 0.09984043, 19.711115)

[node name="Fence2" parent="." unique_id=477521942 instance=ExtResource("6_3usxo")]
transform = Transform3D(1, 0, 0, 0, 1.0000001, 0, 0, 0, 1, 11.359766, 0.09983948, 19.621433)

[node name="Fence3" parent="." unique_id=1928242132 instance=ExtResource("6_3usxo")]
transform = Transform3D(1, 0, 0, 0, 1.0000001, 0, 0, 0, 1, 13.605138, 0.099841386, 19.538082)

[node name="Fence4" parent="." unique_id=1445838799 instance=ExtResource("6_3usxo")]
transform = Transform3D(1, 0, 0, 0, 1.0000001, 0, 0, 0, 1, 15.962943, 0.099841386, 19.561684)

[node name="Tree" parent="." unique_id=2098814127 instance=ExtResource("5_klww3")]
transform = Transform3D(1, 0, 0, 0, 1.0000001, 0, 0, 0, 1, 15.899993, 0.17376637, 17.986374)

[node name="Tree2" parent="." unique_id=44078927 instance=ExtResource("5_klww3")]
transform = Transform3D(1, 0, 0, 0, 1.0000001, 0, 0, 0, 1, 14.294795, 0.17376637, 14.964021)

[node name="Tree3" parent="." unique_id=2054411505 instance=ExtResource("5_klww3")]
transform = Transform3D(1, 0, 0, 0, 1.0000001, 0, 0, 0, 1, 18.291996, 0.17376637, 11.6122)

[node name="Tree4" parent="." unique_id=1064363146 instance=ExtResource("5_klww3")]
transform = Transform3D(1, 0, 0, 0, 1.0000001, 0, 0, 0, 1, 19.38492, 0.17376637, 2.9873238)

[node name="Tree5" parent="." unique_id=911113623 instance=ExtResource("5_klww3")]
transform = Transform3D(1, 0, 0, 0, 1.0000001, 0, 0, 0, 1, -15.261959, 0.17376637, 19.21625)

[node name="Tree6" parent="." unique_id=817777681 instance=ExtResource("5_klww3")]
transform = Transform3D(1, 0, 0, 0, 1.0000001, 0, 0, 0, 1, -15.89592, 0.17376828, 15.600916)

[node name="Tree7" parent="." unique_id=1349833183 instance=ExtResource("5_klww3")]
transform = Transform3D(1, 0, 0, 0, 1.0000001, 0, 0, 0, 1, -18.713305, 0.17376637, 14.568367)

[node name="Tree8" parent="." unique_id=508799386 instance=ExtResource("7_nq3yb")]
transform = Transform3D(1, 0, 0, 0, 1.0000001, 0, 0, 0, 1, -14.475021, 0.09876442, 16.844564)

[node name="Tree9" parent="." unique_id=542977964 instance=ExtResource("7_nq3yb")]
transform = Transform3D(1, 0, 0, 0, 1.0000001, 0, 0, 0, 1, -15.785423, 0.098768234, 12.989807)

[node name="Tree10" parent="." unique_id=1673994605 instance=ExtResource("7_nq3yb")]
transform = Transform3D(1, 0, 0, 0, 1.0000001, 0, 0, 0, 1, -21.09869, 0.09876633, 13.498798)

[node name="Tree11" parent="." unique_id=797793954 instance=ExtResource("5_klww3")]
transform = Transform3D(1, 0, 0, 0, 1.0000001, 0, 0, 0, 1, -21.04325, 0.17376637, 11.044237)

[node name="Tree12" parent="." unique_id=842771640 instance=ExtResource("7_nq3yb")]
transform = Transform3D(1, 0, 0, 0, 1.0000001, 0, 0, 0, 1, 16.58752, 0.09876442, 13.396284)

[node name="Tree13" parent="." unique_id=2006012471 instance=ExtResource("7_nq3yb")]
transform = Transform3D(1, 0, 0, 0, 1.0000001, 0, 0, 0, 1, 20.724188, 0.09876442, 8.925547)

[node name="Tree14" parent="." unique_id=594409833 instance=ExtResource("7_nq3yb")]
transform = Transform3D(1, 0, 0, 0, 1.0000001, 0, 0, 0, 1, 19.351877, 0.09876251, 15.474215)

[node name="Tree15" parent="." unique_id=912064504 instance=ExtResource("7_nq3yb")]
transform = Transform3D(1, 0, 0, 0, 1.0000001, 0, 0, 0, 1, 16.801231, 0.09876633, 7.347883)

[node name="Tree16" parent="." unique_id=9548166 instance=ExtResource("7_nq3yb")]
transform = Transform3D(1, 0, 0, 0, 1.0000001, 0, 0, 0, 1, -21.30264, 0.09876633, 7.9936657)

[node name="Tree17" parent="." unique_id=136627251 instance=ExtResource("7_nq3yb")]
transform = Transform3D(1, 0, 0, 0, 1.0000001, 0, 0, 0, 1, -22.411404, 0.09876633, 3.4805288)

[node name="Tree18" parent="." unique_id=1405103900 instance=ExtResource("5_klww3")]
transform = Transform3D(1, 0, 0, 0, 1.0000001, 0, 0, 0, 1, -15.430653, 0.17376828, 3.4470348)

[node name="Tree19" parent="." unique_id=575066483 instance=ExtResource("5_klww3")]
transform = Transform3D(1, 0, 0, 0, 1.0000001, 0, 0, 0, 1, -21.49497, 0.17376637, 1.2708664)

[node name="Tree20" parent="." unique_id=1217396390 instance=ExtResource("5_klww3")]
transform = Transform3D(1, 0, 0, 0, 1.0000001, 0, 0, 0, 1, 12.380615, 0.17376637, 1.6882925)

[node name="Tree21" parent="." unique_id=2132674957 instance=ExtResource("7_nq3yb")]
transform = Transform3D(1, 0, 0, 0, 1.0000001, 0, 0, 0, 1, 11.480529, 0.09876251, 9.184572)

[node name="Fence5" parent="." unique_id=876455896 instance=ExtResource("6_3usxo")]
transform = Transform3D(1, 0, 0, 0, 1.0000001, 0, 0, 0, 1, 14.285804, -1.4989269, 31.73505)

[node name="Fence6" parent="." unique_id=1709832231 instance=ExtResource("6_3usxo")]
transform = Transform3D(1, 0, 0, 0, 1.0000001, 0, 0, 0, 1, 11.703616, -1.4989269, 31.611094)

[node name="Fence7" parent="." unique_id=2003756661 instance=ExtResource("6_3usxo")]
transform = Transform3D(1, 0, 0, 0, 1.0000001, 0, 0, 0, 1, 9.43976, -1.4989269, 31.667831)

[node name="Fence8" parent="." unique_id=1068512084 instance=ExtResource("6_3usxo")]
transform = Transform3D(1, 0, 0, 0, 1.0000001, 0, 0, 0, 1, 3.143707, -1.4989277, 31.986979)

[node name="Fence9" parent="." unique_id=203493620 instance=ExtResource("6_3usxo")]
transform = Transform3D(1, 0, 0, 0, 1.0000001, 0, 0, 0, 1, 5.496853, -1.4989258, 31.89108)

[node name="Fence10" parent="." unique_id=86220154 instance=ExtResource("6_3usxo")]
transform = Transform3D(1, 0, 0, 0, 1.0000001, 0, 0, 0, 1, -4.1873603, -1.4498869, 31.834682)

[node name="Fence11" parent="." unique_id=440913516 instance=ExtResource("6_3usxo")]
transform = Transform3D(1, 0, 0, 0, 1.0000001, 0, 0, 0, 1, -6.4346056, -1.4508598, 31.698057)

[node name="Fence12" parent="." unique_id=2040837 instance=ExtResource("6_3usxo")]
transform = Transform3D(1, 0, 0, 0, 1.0000001, 0, 0, 0, 1, -8.728221, -1.450674, 31.72406)

[node name="Fence13" parent="." unique_id=987896555 instance=ExtResource("6_3usxo")]
transform = Transform3D(1, 0, 0, 0, 1.0000001, 0, 0, 0, 1, -11.017082, -1.4510716, 31.668081)

[node name="Fence14" parent="." unique_id=1848281663 instance=ExtResource("6_3usxo")]
transform = Transform3D(1, 0, 0, 0, 1.0000001, 0, 0, 0, 1, -13.213806, -1.4514186, 31.619442)

[node name="Fence15" parent="." unique_id=894237071 instance=ExtResource("6_3usxo")]
transform = Transform3D(1, 0, 0, 0, 1.0000001, 0, 0, 0, 1, -15.43052, -1.4516743, 31.583597)

[node name="Tree22" parent="." unique_id=1109788911 instance=ExtResource("7_nq3yb")]
transform = Transform3D(1, 0, 0, 0, 1.0000001, 0, 0, 0, 1, 14.186956, -1.500001, 28.03991)

[node name="Tree23" parent="." unique_id=767164437 instance=ExtResource("7_nq3yb")]
transform = Transform3D(1, 0, 0, 0, 1.0000001, 0, 0, 0, 1, -17.519611, -1.4661189, 29.656328)

[node name="Tree24" parent="." unique_id=1004569682 instance=ExtResource("7_nq3yb")]
transform = Transform3D(1, 0, 0, 0, 1.0000001, 0, 0, 0, 1, -17.403389, -1.5031099, 24.461668)

[node name="Tree25" parent="." unique_id=163763919 instance=ExtResource("7_nq3yb")]
transform = Transform3D(1, 0, 0, 0, 1.0000001, 0, 0, 0, 1, 16.563162, -1.5000029, 22.6689)

[node name="Tree26" parent="." unique_id=170740553 instance=ExtResource("5_klww3")]
transform = Transform3D(1, 0, 0, 0, 1.0000001, 0, 0, 0, 1, -15.207012, -1.4087504, 27.180262)

[node name="Tree27" parent="." unique_id=1992150662 instance=ExtResource("7_nq3yb")]
transform = Transform3D(1, 0, 0, 0, 1.0000001, 0, 0, 0, 1, 10, 0, 13)

[node name="Tree28" parent="." unique_id=960719165 instance=ExtResource("5_klww3")]
transform = Transform3D(1, 0, 0, 0, 1.0000001, 0, 0, 0, 1, -8, 0, 8)

[node name="Tree29" parent="." unique_id=363089347 instance=ExtResource("5_klww3")]
transform = Transform3D(1, 0, 0, 0, 1.0000001, 0, 0, 0, 1, -4, 0, 12)

[node name="Tree30" parent="." unique_id=1910590084 instance=ExtResource("5_klww3")]
transform = Transform3D(1, 0, 0, 0, 1.0000001, 0, 0, 0, 1, -3, 0, 8)
