[gd_scene format=3 uid="uid://cobc2tnykxna2"]

[ext_resource type="Script" uid="uid://cdyb3e527o21c" path="res://scripts/game/world/world_chunk.gd" id="1_lery0"]
[ext_resource type="Material" uid="uid://bm8m6alb8sopa" path="res://assets/materials/dark_prototype_standard_material_3d.tres" id="2_5lyks"]
[ext_resource type="PackedScene" uid="uid://8ysbmp866oaa" path="res://scenes/world/props/prop_tree_large.tscn" id="3_mt07k"]
[ext_resource type="PackedScene" uid="uid://bwgxt54l16hla" path="res://scenes/world/props/prop_tree_xlarge.tscn" id="4_5v6dj"]
[ext_resource type="PackedScene" uid="uid://re0lxd3ugc3w" path="res://scenes/world/props/prop_fence_large.tscn" id="5_lery0"]
[ext_resource type="Material" uid="uid://ur4seutk5yxh" path="res://assets/materials/light_prototype_standard_material_3d.tres" id="6_5lyks"]
[ext_resource type="PackedScene" uid="uid://dydo6c4agumjv" path="res://scenes/world/props/prop_tree.tscn" id="7_ir284"]

[node name="WorldChunk1" type="Node3D" unique_id=1727605181 node_paths=PackedStringArray("end_connection")]
script = ExtResource("1_lery0")
end_connection = NodePath("EndConnection")

[node name="EndConnection" type="Node3D" parent="." unique_id=152081666]
transform = Transform3D(1, 0, 0, 0, 1, 0, 0, 0, 1, 0, -1, 100)

[node name="Terrain" type="CSGCombiner3D" parent="." unique_id=762513538]
transform = Transform3D(1, 0, 0, 0, 0.99999994, 0, 0, 0, 0.99999994, 0, 0, 0)
use_collision = true
collision_layer = 2
collision_mask = 5

[node name="floor" type="CSGBox3D" parent="Terrain" unique_id=429855115]
transform = Transform3D(1, 0, 0, 0, 0.99999523, 0, 0, 0, 0.99999523, 0, -0.49999997, 49.999996)
size = Vector3(50, 1, 100)
material = ExtResource("2_5lyks")

[node name="Tree6" parent="Terrain" unique_id=1119943779 instance=ExtResource("3_mt07k")]
transform = Transform3D(1, 0, 0, 0, 1, 0, 0, 0, 0.99999994, 10.042316, -3.814697e-06, 43.84157)

[node name="Tree8" parent="Terrain" unique_id=1268847255 instance=ExtResource("3_mt07k")]
transform = Transform3D(0.9999903, 0.0034749638, 0.0027127916, -0.0034756484, 0.9999939, 0.00024730843, -0.002711913, -0.00025675993, 0.99999624, 7.7658386, 0, 69.24256)

[node name="Tree10" parent="Terrain" unique_id=1070377360 instance=ExtResource("3_mt07k")]
transform = Transform3D(1, 0, 0, 0, 1.0000001, 0, 0, 0, 1, 10.484295, 0, 66.98532)

[node name="Tree11" parent="Terrain" unique_id=980416943 instance=ExtResource("3_mt07k")]
transform = Transform3D(1, 0, 0, 0, 1.0000001, 0, 0, 0, 1, -4.133415, -3.8146973e-06, 44.412308)

[node name="Tree14" parent="Terrain" unique_id=1756014197 instance=ExtResource("3_mt07k")]
transform = Transform3D(1, 0, 0, 0, 1.0000001, 0, 0, 0, 1, -8.120804, -3.8146973e-06, 41.638573)

[node name="Tree15" parent="Terrain" unique_id=1423354259 instance=ExtResource("3_mt07k")]
transform = Transform3D(1, 0, 0, 0, 1.0000001, 0, 0, 0, 1, -8.3848915, -3.8146973e-06, 47.305447)

[node name="Tree16" parent="Terrain" unique_id=2025416591 instance=ExtResource("3_mt07k")]
transform = Transform3D(1, 0, 0, 0, 1, 0, 0, 0, 0.99999994, 9.246948, 0, 76.675865)

[node name="Tree17" parent="Terrain" unique_id=1135045091 instance=ExtResource("3_mt07k")]
transform = Transform3D(0.94109344, 0, 0.33814663, 0, 0.99999976, 0, -0.33814654, 0, 0.9410931, 19.948803, -3.814696e-06, 76.01492)

[node name="Tree19" parent="Terrain" unique_id=662621284 instance=ExtResource("3_mt07k")]
transform = Transform3D(0.81190014, 0, 0.5837963, 0, 0.99999964, 0, -0.5837959, 0, 0.8118997, 15.344971, -3.8146957e-06, 9.112746)

[node name="Tree20" parent="Terrain" unique_id=254972945 instance=ExtResource("3_mt07k")]
transform = Transform3D(0.86036867, 0, -0.5096722, 0, 0.99999964, 0, 0.5096718, 0, 0.86036825, 12.954182, -3.8146957e-06, 10.330024)

[node name="Tree23" parent="Terrain" unique_id=1078168380 instance=ExtResource("3_mt07k")]
transform = Transform3D(0.9635698, 0, -0.267457, 0, 1, 0, 0.26745698, 0, 0.96356976, 15.729755, -3.814697e-06, 10.924682)

[node name="Tree24" parent="Terrain" unique_id=1212509724 instance=ExtResource("3_mt07k")]
transform = Transform3D(0.9729697, 0, 0.23093288, 0, 1, 0, -0.23093286, 0, 0.97296965, 13.008965, 0, 12.214721)

[node name="Tree26" parent="Terrain" unique_id=1012673331 instance=ExtResource("3_mt07k")]
transform = Transform3D(0.5155018, 0, -0.8568885, 0, 1, 0, 0.8568884, 0, 0.51550174, 17.76678, -3.814697e-06, 11.792588)

[node name="Tree27" parent="Terrain" unique_id=1423489684 instance=ExtResource("3_mt07k")]
transform = Transform3D(0.9581429, 0, 0.28629044, 0, 1, 0, -0.2862904, 0, 0.9581428, 17.641148, -3.814697e-06, 9.142941)

[node name="Tree28" parent="Terrain" unique_id=1907797674 instance=ExtResource("3_mt07k")]
transform = Transform3D(0.98331845, 0, 0.18189229, 0, 1, 0, -0.18189228, 0, 0.9833184, 12.170582, -3.814697e-06, 7.9428344)

[node name="Tree29" parent="Terrain" unique_id=1930614707 instance=ExtResource("3_mt07k")]
transform = Transform3D(0.8672967, 0, -0.49779156, 0, 1, 0, 0.49779153, 0, 0.86729664, 15.2226715, -3.814697e-06, 6.6420646)

[node name="Tree31" parent="Terrain" unique_id=1384395823 instance=ExtResource("3_mt07k")]
transform = Transform3D(0.9933668, 0, -0.11498918, 0, 0.9999998, 0, 0.11498915, 0, 0.99336654, -10.592194, 0, 88.76238)

[node name="Tree32" parent="Terrain" unique_id=1003827909 instance=ExtResource("3_mt07k")]
transform = Transform3D(0.74845827, 0, -0.6631819, 0, 1, 0, 0.66318184, 0, 0.7484582, -8.205124, -3.814697e-06, 90.959206)

[node name="Tree34" parent="Terrain" unique_id=591977597 instance=ExtResource("3_mt07k")]
transform = Transform3D(0.99832267, 0, -0.057895094, 0, 0.99999994, 0, 0.057895087, 0, 0.99832255, -6.718979, -3.8146968e-06, 88.99001)

[node name="Tree35" parent="Terrain" unique_id=1863294265 instance=ExtResource("3_mt07k")]
transform = Transform3D(0.9863575, 0, -0.16461726, 0, 0.99999994, 0, 0.16461723, 0, 0.9863574, -9.281806, -3.8146968e-06, 86.54703)

[node name="Tree36" parent="Terrain" unique_id=836842528 instance=ExtResource("3_mt07k")]
transform = Transform3D(0.6453377, 0, -0.7638974, 0, 0.99999994, 0, 0.7638973, 0, 0.6453376, -5.96903, -3.8146968e-06, 84.85468)

[node name="Tree39" parent="Terrain" unique_id=1024128867 instance=ExtResource("3_mt07k")]
transform = Transform3D(1, 0, 0, 0, 1.0000001, 0, 0, 0, 1, -7.2751465, -3.8146973e-06, 32.398163)

[node name="Tree40" parent="Terrain" unique_id=1938556070 instance=ExtResource("3_mt07k")]
transform = Transform3D(1, 0, 0, 0, 1.0000001, 0, 0, 0, 1, -7.526478, 0, 74.749084)

[node name="Tree41" parent="Terrain" unique_id=1948197775 instance=ExtResource("3_mt07k")]
transform = Transform3D(1, 0, 0, 0, 1.0000001, 0, 0, 0, 1, -4.6844788, -7.6293945e-06, 64.98401)

[node name="Tree42" parent="Terrain" unique_id=1070861598 instance=ExtResource("3_mt07k")]
transform = Transform3D(0.9999948, -0.0014144526, -0.0029085218, 0.0014186462, 0.9999979, 0.001444583, 0.002906478, -0.00144869, 0.99999464, 2.2416363, 7.6293936e-06, 49.25734)

[node name="Tree" parent="Terrain" unique_id=1994710221 instance=ExtResource("4_5v6dj")]
transform = Transform3D(0.72049063, 0, 0.6934647, 0, 1.0000001, 0, -0.6934647, 0, 0.72049063, 7.2117205, 0.07499623, 30.243263)

[node name="Tree2" parent="Terrain" unique_id=524692408 instance=ExtResource("4_5v6dj")]
transform = Transform3D(0.72049063, 0, 0.6934647, 0, 1.0000001, 0, -0.6934647, 0, 0.72049063, 4.148943, 0.07499623, 24.31592)

[node name="Tree3" parent="Terrain" unique_id=1139693274 instance=ExtResource("4_5v6dj")]
transform = Transform3D(0.721645, -0.000519277, 0.6922631, 0.0010848348, 0.9999994, -0.00038073666, -0.69226235, 0.0010257575, 0.7216451, 8.400842, 0.07499623, 27.327095)

[node name="Tree4" parent="Terrain" unique_id=208803215 instance=ExtResource("4_5v6dj")]
transform = Transform3D(0.6970149, 0, -0.71705663, 0, 1.0000001, 0, 0.71705663, 0, 0.6970149, -10.77191, 0.07499623, 27.852135)

[node name="Tree5" parent="Terrain" unique_id=595630450 instance=ExtResource("4_5v6dj")]
transform = Transform3D(0.6970149, 0, -0.71705663, 0, 1.0000001, 0, 0.71705663, 0, 0.6970149, -8.379374, 0.07499623, 25.594786)

[node name="Tree7" parent="Terrain" unique_id=289013719 instance=ExtResource("4_5v6dj")]
transform = Transform3D(0.69581825, -0.0010283097, -0.7182171, 0.0010848348, 0.9999994, -0.00038073663, 0.7182169, -0.00051420403, 0.6958191, -7.8499036, 0.07499623, 29.026836)

[node name="Tree9" parent="Terrain" unique_id=1710740969 instance=ExtResource("4_5v6dj")]
transform = Transform3D(0.6970149, 0, -0.71705663, 0, 1.0000001, 0, 0.71705663, 0, 0.6970149, -10.77191, 0.07499623, 57.1929)

[node name="Tree12" parent="Terrain" unique_id=1727153871 instance=ExtResource("4_5v6dj")]
transform = Transform3D(0.6970149, 0, -0.71705663, 0, 1.0000001, 0, 0.71705663, 0, 0.6970149, -8.379374, 0.07499623, 54.935555)

[node name="Tree13" parent="Terrain" unique_id=657584764 instance=ExtResource("4_5v6dj")]
transform = Transform3D(0.69581825, -0.0010283097, -0.7182171, 0.0010848348, 0.9999994, -0.00038073663, 0.7182169, -0.00051420403, 0.6958191, -7.8499036, 0.07499623, 58.367603)

[node name="Tree18" parent="Terrain" unique_id=173152597 instance=ExtResource("4_5v6dj")]
transform = Transform3D(0.98104656, 0, 0.19377199, 0, 1, 0, -0.19377197, 0, 0.9810465, 14.945558, 0.074996226, 58.51411)

[node name="Tree21" parent="Terrain" unique_id=746314894 instance=ExtResource("4_5v6dj")]
transform = Transform3D(0.98104656, 0, 0.19377199, 0, 1, 0, -0.19377197, 0, 0.9810465, 14.356302, 0.074996226, 55.277966)

[node name="Tree22" parent="Terrain" unique_id=893300860 instance=ExtResource("4_5v6dj")]
transform = Transform3D(0.98136747, -0.000991458, 0.192137, 0.0010848348, 0.99999946, -0.0003807366, -0.19213645, 0.00058209785, 0.9813681, 17.52266, 0.074996226, 56.70397)

[node name="Fence" parent="Terrain" unique_id=841671413 instance=ExtResource("5_lery0")]
transform = Transform3D(1, 0, 0, 0, 1.0000001, 0, 0, 0, 1, 7.355379, 0.0010721982, 63.080307)

[node name="Fence2" parent="Terrain" unique_id=277505967 instance=ExtResource("5_lery0")]
transform = Transform3D(1, 0, 0, 0, 1.0000001, 0, 0, 0, 1, 5.1438084, 0.0010741055, 63.070786)

[node name="Fence3" parent="Terrain" unique_id=950040468 instance=ExtResource("5_lery0")]
transform = Transform3D(1, 0, 0, 0, 1.0000001, 0, 0, 0, 1, 9.606794, 0.0010721982, 63.02639)

[node name="Fence4" parent="Terrain" unique_id=1935463089 instance=ExtResource("5_lery0")]
transform = Transform3D(1, 0, 0, 0, 1.0000001, 0, 0, 0, 1, -2.0252197, 0.0010741055, 63.136635)

[node name="Fence5" parent="Terrain" unique_id=314341624 instance=ExtResource("5_lery0")]
transform = Transform3D(1, 0, 0, 0, 1.0000001, 0, 0, 0, 1, -4.309424, 0.0010741055, 63.165054)

[node name="Fence6" parent="Terrain" unique_id=1364574234 instance=ExtResource("5_lery0")]
transform = Transform3D(1, 0, 0, 0, 1.0000001, 0, 0, 0, 1, -6.591096, 0.0010741055, 63.15444)

[node name="Fence7" parent="Terrain" unique_id=1798825082 instance=ExtResource("5_lery0")]
transform = Transform3D(1, 0, 0, 0, 1.0000001, 0, 0, 0, 1, 9.434671, 0.0010721982, 41.510456)

[node name="Fence8" parent="Terrain" unique_id=858587465 instance=ExtResource("5_lery0")]
transform = Transform3D(1, 0, 0, 0, 1.0000001, 0, 0, 0, 1, 7.152723, 0.0010702908, 41.49747)

[node name="Fence9" parent="Terrain" unique_id=884293938 instance=ExtResource("5_lery0")]
transform = Transform3D(0.9739443, 0, 0.22678728, 0, 1.0000001, 0, -0.22678728, 0, 0.9739443, 4.780604, 0.0010702908, 41.51673)

[node name="Fence10" parent="Terrain" unique_id=896351461 instance=ExtResource("5_lery0")]
transform = Transform3D(1, 0, 0, 0, 1.0000001, 0, 0, 0, 1, 2.3717055, 0.0010702908, 41.62229)

[node name="Tree43" parent="Terrain" unique_id=2112639200 instance=ExtResource("3_mt07k")]
transform = Transform3D(1, 0, 0, 0, 1.0000001, 0, 0, 0, 1, -9.467041, 0, 14.752995)

[node name="Fence16" parent="Terrain" unique_id=1564300849 instance=ExtResource("5_lery0")]
transform = Transform3D(-0.03608556, 0, -0.9993485, 0, 0.9999996, 0, 0.99934846, 0, -0.03608554, 1.3394482, 0.016166585, 40.041912)

[node name="Fence17" parent="Terrain" unique_id=1885934712 instance=ExtResource("5_lery0")]
transform = Transform3D(-0.03608556, 0, -0.9993485, 0, 0.9999995, 0, 0.9993484, 0, -0.036085535, 1.3394482, 0.016166583, 37.7974)

[node name="Fence18" parent="Terrain" unique_id=1311149255 instance=ExtResource("5_lery0")]
transform = Transform3D(-0.03608556, 0, -0.9993485, 0, 0.99999946, 0, 0.99934834, 0, -0.03608553, 1.3394482, 0.01616658, 35.52315)

[node name="Fence19" parent="Terrain" unique_id=42782687 instance=ExtResource("5_lery0")]
transform = Transform3D(-0.03608556, 0, -0.9993485, 0, 0.9999994, 0, 0.9993483, 0, -0.036085527, 1.3394482, 0.016166579, 33.24649)

[node name="CSGBox3D" type="CSGBox3D" parent="Terrain" unique_id=1689276708]
transform = Transform3D(0.9899152, 0.07605689, 0.11951148, -0.07550943, 0.9970922, -0.009116177, -0.11985919, 0, 0.9927798, 24.312235, 3.124996, 6.28317)
size = Vector3(1.9002686, 7.25, 15.757446)
material = ExtResource("6_5lyks")

[node name="CSGBox3D2" type="CSGBox3D" parent="Terrain" unique_id=2137506871]
transform = Transform3D(0.99137044, 0.0740857, -0.10814507, -0.075509414, 0.99709207, -0.009116176, 0.10715847, 0.017203484, 0.99408203, 25.12659, 3.1249952, 19.601871)
size = Vector3(1.9002686, 7.25, 15.757446)
material = ExtResource("6_5lyks")

[node name="CSGBox3D3" type="CSGBox3D" parent="Terrain" unique_id=213383010]
transform = Transform3D(0.99695146, 0.075310595, -0.020395659, -0.0755094, 0.99709195, -0.009116175, 0.019651078, 0.010628449, 0.99973917, 25.12659, 3.1249948, 30.729013)
size = Vector3(1.9002686, 7.25, 15.757446)
material = ExtResource("6_5lyks")

[node name="CSGBox3D4" type="CSGBox3D" parent="Terrain" unique_id=1935050101]
transform = Transform3D(0.9969516, 0.0753106, -0.02039566, -0.07550937, 0.9970917, -0.00911617, 0.019651074, 0.010628445, 0.999739, 24.800207, 3.1249938, 45.346027)
size = Vector3(1.9002686, 7.25, 15.757446)
material = ExtResource("6_5lyks")

[node name="CSGBox3D5" type="CSGBox3D" parent="Terrain" unique_id=1759350768]
transform = Transform3D(0.9960625, 0.0739617, -0.048884727, -0.076162495, 0.99607706, -0.044785444, 0.045382433, 0.04833226, 0.99778825, 24.800207, 3.1249928, 59.238617)
size = Vector3(1.9002686, 7.25, 15.757446)
material = ExtResource("6_5lyks")

[node name="CSGBox3D6" type="CSGBox3D" parent="Terrain" unique_id=1293409046]
transform = Transform3D(0.9960625, 0.0739617, -0.048884727, -0.07616248, 0.99607694, -0.044785436, 0.045382425, 0.04833225, 0.99778813, 24.800207, 3.1249924, 74.12695)
size = Vector3(1.9002686, 7.25, 15.757446)
material = ExtResource("6_5lyks")

[node name="CSGBox3D7" type="CSGBox3D" parent="Terrain" unique_id=686623711]
transform = Transform3D(0.9960625, 0.0739617, -0.048884727, -0.07616233, 0.99607575, -0.04478536, 0.04538235, 0.048332177, 0.99778694, 24.709621, 3.0420017, 90.85049)
size = Vector3(1.9002686, 7.25, 19.463562)
material = ExtResource("6_5lyks")

[node name="CSGBox3D8" type="CSGBox3D" parent="Terrain" unique_id=980062953]
transform = Transform3D(0.9960625, 0.0739617, -0.048884727, -0.076161005, 0.99606514, -0.0447847, 0.045381688, 0.048331514, 0.9977763, 29.694902, 7.562362, 91.00119)
size = Vector3(8.5434265, 7.25, 19.463562)
material = ExtResource("6_5lyks")

[node name="CSGBox3D9" type="CSGBox3D" parent="Terrain" unique_id=953574604]
transform = Transform3D(0.9960625, 0.0739617, -0.048884727, -0.076161, 0.9960651, -0.044784695, 0.045381684, 0.04833151, 0.99777627, 29.694902, 7.5623617, 69.71253)
size = Vector3(8.5434265, 7.25, 19.463562)
material = ExtResource("6_5lyks")

[node name="CSGBox3D10" type="CSGBox3D" parent="Terrain" unique_id=1202552420]
transform = Transform3D(0.9960625, 0.0739617, -0.048884727, -0.07616099, 0.996065, -0.04478469, 0.04538168, 0.048331507, 0.9977762, 29.694902, 7.5623612, 44.90304)
size = Vector3(8.5434265, 7.25, 19.463562)
material = ExtResource("6_5lyks")

[node name="CSGBox3D11" type="CSGBox3D" parent="Terrain" unique_id=747489576]
transform = Transform3D(0.9960625, 0.0739617, -0.048884727, -0.07616098, 0.99606496, -0.044784687, 0.045381676, 0.048331503, 0.99777615, 29.694902, 7.562361, 20.99223)
size = Vector3(8.5434265, 7.25, 19.463562)
material = ExtResource("6_5lyks")

[node name="CSGBox3D12" type="CSGBox3D" parent="Terrain" unique_id=779999784]
transform = Transform3D(0.9960625, 0.0739617, -0.048884727, -0.076160975, 0.9960649, -0.044784684, 0.045381673, 0.0483315, 0.9977761, 29.694902, 7.5623603, 0.8231678)
size = Vector3(8.5434265, 7.25, 19.463562)
material = ExtResource("6_5lyks")

[node name="CSGBox3D13" type="CSGBox3D" parent="Terrain" unique_id=1525464351]
transform = Transform3D(-0.990716, -0.07605508, -0.112681724, -0.07550942, 0.9970921, -0.0091161765, 0.11304913, -0.0005230092, -0.9935781, -24.631212, 3.1249955, 86.00135)
size = Vector3(1.9002686, 7.25, 15.757446)
material = ExtResource("6_5lyks")

[node name="CSGBox3D14" type="CSGBox3D" parent="Terrain" unique_id=893214988]
transform = Transform3D(-0.99061006, -0.07396566, 0.11497839, -0.07550941, 0.99709195, -0.009116173, -0.113973156, -0.017712532, -0.99331474, -25.353962, 3.1249948, 72.67736)
size = Vector3(1.9002686, 7.25, 15.757446)
material = ExtResource("6_5lyks")

[node name="CSGBox3D15" type="CSGBox3D" parent="Terrain" unique_id=356014090]
transform = Transform3D(-0.99679285, -0.07523575, 0.027269952, -0.075509384, 0.9970918, -0.009116172, -0.026506212, -0.011146073, -0.9995752, -25.277445, 3.1249943, 61.550488)
size = Vector3(1.9002686, 7.25, 15.757446)
material = ExtResource("6_5lyks")

[node name="CSGBox3D16" type="CSGBox3D" parent="Terrain" unique_id=1023429920]
transform = Transform3D(-0.99679285, -0.075235724, 0.027269948, -0.07550935, 0.99709153, -0.009116167, -0.02650621, -0.0111460695, -0.99957496, -24.850554, 3.1249933, 46.936066)
size = Vector3(1.9002686, 7.25, 15.757446)
material = ExtResource("6_5lyks")

[node name="CSGBox3D17" type="CSGBox3D" parent="Terrain" unique_id=1039246772]
transform = Transform3D(-0.9957269, -0.073627576, 0.055744924, -0.07616247, 0.9960769, -0.044785436, -0.05223084, -0.048839714, -0.99742836, -24.75502, 3.1249924, 33.043804)
size = Vector3(1.9002686, 7.25, 15.757446)
material = ExtResource("6_5lyks")

[node name="CSGBox3D18" type="CSGBox3D" parent="Terrain" unique_id=1049008961]
transform = Transform3D(-0.9957269, -0.073627606, 0.055744924, -0.07616247, 0.99607676, -0.044785425, -0.052230835, -0.0488397, -0.99742824, -24.652641, 3.124992, 18.155825)
size = Vector3(1.9002686, 7.25, 15.757446)
material = ExtResource("6_5lyks")

[node name="CSGBox3D19" type="CSGBox3D" parent="Terrain" unique_id=192801904]
transform = Transform3D(-0.9957269, -0.07362758, 0.05574492, -0.076162316, 0.9960756, -0.04478535, -0.052230764, -0.04883962, -0.99742705, -24.447056, 3.0420012, 1.4333113)
size = Vector3(1.9002686, 7.25, 19.463562)
material = ExtResource("6_5lyks")

[node name="CSGBox3D20" type="CSGBox3D" parent="Terrain" unique_id=1391914811]
transform = Transform3D(-0.995727, -0.0736276, 0.05574485, -0.076161005, 0.9960652, -0.0447847, -0.0522301, -0.04883897, -0.9974165, -29.431183, 7.5623612, 1.248329)
size = Vector3(8.5434265, 7.25, 19.463562)
material = ExtResource("6_5lyks")

[node name="CSGBox3D21" type="CSGBox3D" parent="Terrain" unique_id=566466703]
transform = Transform3D(-0.995727, -0.07362759, 0.05574485, -0.076161, 0.99606514, -0.04478469, -0.05223009, -0.048838962, -0.99741644, -29.577576, 7.562361, 22.536484)
size = Vector3(8.5434265, 7.25, 19.463562)
material = ExtResource("6_5lyks")

[node name="CSGBox3D22" type="CSGBox3D" parent="Terrain" unique_id=1749085450]
transform = Transform3D(-0.995727, -0.07362761, 0.05574485, -0.076161, 0.9960651, -0.044784687, -0.05223009, -0.04883896, -0.9974164, -29.74818, 7.5623603, 47.345383)
size = Vector3(8.5434265, 7.25, 19.463562)
material = ExtResource("6_5lyks")

[node name="CSGBox3D23" type="CSGBox3D" parent="Terrain" unique_id=1293888882]
transform = Transform3D(-0.995727, -0.073627606, 0.05574485, -0.07616099, 0.996065, -0.044784687, -0.052230086, -0.04883896, -0.9974163, -29.912603, 7.56236, 71.25562)
size = Vector3(8.5434265, 7.25, 19.463562)
material = ExtResource("6_5lyks")

[node name="CSGBox3D24" type="CSGBox3D" parent="Terrain" unique_id=1854083960]
transform = Transform3D(-0.995727, -0.07362758, 0.055744845, -0.076160975, 0.99606496, -0.044784687, -0.052230086, -0.048838966, -0.99741626, -30.051298, 7.5623593, 91.4242)
size = Vector3(8.5434265, 7.25, 19.463562)
material = ExtResource("6_5lyks")

[node name="Tree25" parent="Terrain" unique_id=814743271 instance=ExtResource("4_5v6dj")]
transform = Transform3D(1, 0, 0, 0, 1.0000001, 0, 0, 0, 1, 19, 0, 95)

[node name="Tree30" parent="Terrain" unique_id=1448691044 instance=ExtResource("4_5v6dj")]
transform = Transform3D(1, 0, 0, 0, 1.0000001, 0, 0, 0, 1, -22, 0, 96)

[node name="Tree33" parent="Terrain" unique_id=1968129536 instance=ExtResource("4_5v6dj")]
transform = Transform3D(1, 0, 0, 0, 1.0000001, 0, 0, 0, 1, 20, 0, 89)

[node name="Tree37" parent="Terrain" unique_id=1696182675 instance=ExtResource("4_5v6dj")]
transform = Transform3D(1, 0, 0, 0, 1.0000001, 0, 0, 0, 1, -11.729889, 0.07500386, 86.75322)

[node name="Tree38" parent="Terrain" unique_id=1815818379 instance=ExtResource("4_5v6dj")]
transform = Transform3D(1, 0, 0, 0, 1.0000001, 0, 0, 0, 1, -8.5857315, 0.07500005, 88.459496)

[node name="Fence" parent="." unique_id=1587866201 instance=ExtResource("5_lery0")]
transform = Transform3D(1, 0, 0, 0, 1.0000001, 0, 0, 0, 1, 4.1993403, 0.0010717213, 16.10173)

[node name="Fence2" parent="." unique_id=1366000522 instance=ExtResource("5_lery0")]
transform = Transform3D(1, 0, 0, 0, 1.0000001, 0, 0, 0, 1, 11.905359, 0.0010717213, 16.513712)

[node name="Fence3" parent="." unique_id=1387739473 instance=ExtResource("5_lery0")]
transform = Transform3D(1, 0, 0, 0, 1.0000001, 0, 0, 0, 1, 4.7697015, 0.0010721982, 17.594122)

[node name="Tree" parent="." unique_id=143269836 instance=ExtResource("4_5v6dj")]
transform = Transform3D(1, 0, 0, 0, 1.0000001, 0, 0, 0, 1, -17.494287, 0.07500005, 13.643475)

[node name="Tree2" parent="." unique_id=345525434 instance=ExtResource("3_mt07k")]
transform = Transform3D(0.83208966, 0, -0.5546411, 0, 1.0000001, 0, 0.5546411, 0, 0.83208966, -15.973906, 7.6293945e-06, 12.461807)

[node name="Tree3" parent="." unique_id=535951624 instance=ExtResource("3_mt07k")]
transform = Transform3D(0.9193827, 0, -0.3933643, 0, 1.0000001, 0, 0.3933643, 0, 0.9193827, -18.782476, -1.9073486e-06, 12.034506)

[node name="Tree4" parent="." unique_id=1296806977 instance=ExtResource("3_mt07k")]
transform = Transform3D(1, 0, 0, 0, 1.0000001, 0, 0, 0, 1, -19.874184, -1.9073486e-06, 15.644299)

[node name="Tree5" parent="." unique_id=745264619 instance=ExtResource("4_5v6dj")]
transform = Transform3D(1, 0, 0, 0, 1.0000001, 0, 0, 0, 1, -19.73315, 0.075001955, 36.786034)

[node name="Tree6" parent="." unique_id=1263305571 instance=ExtResource("3_mt07k")]
transform = Transform3D(0.5269113, 0, 0.84992015, 0, 1, 0, -0.84992015, 0, 0.5269113, 6.8925447, -3.8146973e-06, 22.07601)

[node name="Tree7" parent="." unique_id=833203461 instance=ExtResource("4_5v6dj")]
transform = Transform3D(1, 0, 0, 0, 1.0000001, 0, 0, 0, 1, 20.73486, 0.07500005, 34.25564)

[node name="Tree8" parent="." unique_id=1704422967 instance=ExtResource("4_5v6dj")]
transform = Transform3D(1, 0, 0, 0, 1.0000001, 0, 0, 0, 1, 21.162445, 0.075001955, 41.789604)

[node name="Tree9" parent="." unique_id=1696926673 instance=ExtResource("4_5v6dj")]
transform = Transform3D(1, 0, 0, 0, 1.0000001, 0, 0, 0, 1, 17.687431, 0.07499623, 39.9872)

[node name="Tree10" parent="." unique_id=429505924 instance=ExtResource("4_5v6dj")]
transform = Transform3D(1, 0, 0, 0, 1.0000001, 0, 0, 0, 1, -21.941113, 0.07499814, 61.00553)

[node name="Tree11" parent="." unique_id=593451705 instance=ExtResource("4_5v6dj")]
transform = Transform3D(1, 0, 0, 0, 1.0000001, 0, 0, 0, 1, -20.042038, 0.07499623, 74.00477)

[node name="Fence4" parent="." unique_id=865821363 instance=ExtResource("5_lery0")]
transform = Transform3D(1, 0, 0, 0, 1.0000001, 0, 0, 0, 1, 13.197724, 0.0010779202, 98.98224)

[node name="Fence5" parent="." unique_id=2066313400 instance=ExtResource("5_lery0")]
transform = Transform3D(1, 0, 0, 0, 1.0000001, 0, 0, 0, 1, 10.767433, 0.0010741055, 98.991486)

[node name="Fence6" parent="." unique_id=507359596 instance=ExtResource("5_lery0")]
transform = Transform3D(1, 0, 0, 0, 1.0000001, 0, 0, 0, 1, 8.488995, 0.0010741055, 98.997475)

[node name="Fence7" parent="." unique_id=229302769 instance=ExtResource("5_lery0")]
transform = Transform3D(1, 0, 0, 0, 1.0000001, 0, 0, 0, 1, 6.213309, 0.0010741055, 99.003456)

[node name="Fence8" parent="." unique_id=1945238248 instance=ExtResource("5_lery0")]
transform = Transform3D(1, 0, 0, 0, 1.0000001, 0, 0, 0, 1, 3.98092, 0.0010741055, 99.05217)

[node name="Fence9" parent="." unique_id=543371928 instance=ExtResource("5_lery0")]
transform = Transform3D(1, 0, 0, 0, 1.0000001, 0, 0, 0, 1, 1.5958498, 0.0010702908, 99.01702)

[node name="Tree12" parent="." unique_id=2106179505 instance=ExtResource("3_mt07k")]
transform = Transform3D(1, 0, 0, 0, 1.0000001, 0, 0, 0, 1, 3.3683355, 3.8146973e-06, 97.236046)

[node name="Tree13" parent="." unique_id=1614211945 instance=ExtResource("4_5v6dj")]
transform = Transform3D(1, 0, 0, 0, 1.0000001, 0, 0, 0, 1, 5.8023605, 0.07499623, 96.20154)

[node name="Tree14" parent="." unique_id=469813905 instance=ExtResource("3_mt07k")]
transform = Transform3D(1, 0, 0, 0, 1.0000001, 0, 0, 0, 1, 4.215489, 0, 94.011406)

[node name="Tree15" parent="." unique_id=1551604500 instance=ExtResource("7_ir284")]
transform = Transform3D(1, 0, 0, 0, 1.0000001, 0, 0, 0, 1, 7.0371156, -3.8146973e-06, 81.67346)

[node name="Tree16" parent="." unique_id=1555938572 instance=ExtResource("3_mt07k")]
transform = Transform3D(1, 0, 0, 0, 1.0000001, 0, 0, 0, 1, 8.402412, -1.9073486e-06, 81.53306)

[node name="Tree17" parent="." unique_id=1652034189 instance=ExtResource("4_5v6dj")]
transform = Transform3D(1, 0, 0, 0, 1.0000001, 0, 0, 0, 1, 6.3546696, 0.07499623, 83.056366)

[node name="Tree18" parent="." unique_id=1674624586 instance=ExtResource("4_5v6dj")]
transform = Transform3D(1, 0, 0, 0, 1.0000001, 0, 0, 0, 1, -14.08185, 0.07499242, 2.3689117)

[node name="Tree19" parent="." unique_id=1619857232 instance=ExtResource("4_5v6dj")]
transform = Transform3D(1, 0, 0, 0, 1.0000001, 0, 0, 0, 1, -10.566244, 0.07500005, 7.538292)

[node name="Tree20" parent="." unique_id=1157001746 instance=ExtResource("4_5v6dj")]
transform = Transform3D(1, 0, 0, 0, 1.0000001, 0, 0, 0, 1, 9.782377, 0.07500005, 1.2380333)

[node name="Tree21" parent="." unique_id=586212528 instance=ExtResource("3_mt07k")]
transform = Transform3D(1, 0, 0, 0, 1.0000001, 0, 0, 0, 1, -14.452564, -7.6293945e-06, 6.156494)

[node name="Tree22" parent="." unique_id=1293318810 instance=ExtResource("3_mt07k")]
transform = Transform3D(1, 0, 0, 0, 1.0000001, 0, 0, 0, 1, -11.002018, -7.6293945e-06, 4.5181847)

[node name="Tree23" parent="." unique_id=394264765 instance=ExtResource("3_mt07k")]
transform = Transform3D(1, 0, 0, 0, 1.0000001, 0, 0, 0, 1, -0.7771869, -3.8146973e-06, 76.19348)

[node name="Tree24" parent="." unique_id=2067181135 instance=ExtResource("4_5v6dj")]
transform = Transform3D(1, 0, 0, 0, 1.0000001, 0, 0, 0, 1, -1.8227961, 0.074994326, 77.23573)

[node name="Tree25" parent="." unique_id=1503309400 instance=ExtResource("3_mt07k")]
transform = Transform3D(1, 0, 0, 0, 1.0000001, 0, 0, 0, 1, -2.916455, -3.8146973e-06, 75.208145)
